999999999999999900000000
999999999999999900000000
999999999999999900000000
999999999999999900000000
999999999999999900000000
999999999999999900000000
999999999999999900000000
999999999999999900000000
999999999999999900000000
999999999999999900000000
999999999999999900000000
999999999999999900000000
999999999999999900000000
999999999999999900000000
999999999999999900000000
999999999999999900000000
999999999999999990000000
999999999999999990000000
999999999999999999000000
999999999999999999000000
999999999999999999000000
999999999999999999900000
999999999999999999900000
999999999999999999990000