066666666666666632000000
666666666666666331000000
666666666666666321000000
666666666666666310000000
666666666666663210000000
666666666666663210000000
666666666666662210000000
666666666666662222100000
166666666666666332000000
606666666666666332000000
606666666666666332210000
666666666666666333220000
666666666666666333322000
666666666666666633332100
666666666666666643332200
666666666666666644332200
666666666666666664433200
666666666666666664433200
666666666666666666433200
666666666666666666433200
666666666666666666432200
666666666666666666633221
666666666666666666643322
666666666666666666664332