000044444444444454210000
000044444444444553200000
000004444444444543200000
000004444444444532200000
000044444444445432100000
000044444444445432100000
000044444444444432100000
000044444444444444100000
000044414444444554200000
000044444044444554100000
000044444444444554400000
000044444444444555400000
000044444444444555540000
000044444444444455554000
000444444444444465554000
000444444444444466554400
004444444444444446655400
004444444444444446655400
004444444444444444655400
044444444444444444655400
044444444444444444654420
444444444444444444455443
444444444444444444465544
444444444444444444446554