000000222222222276432000
000000222222222775420000
000000022222222765420000
000000022222222754420000
000000022222227654320000
000000222222227654320000
000000222222226654320000
000000220222226666320000
000000232222222776410000
000000222222222776310000
000000022222222776610000
000000022222222777610000
000000022222222777761000
000000222222222277776000
000000222222222287776100
000000222222222288776600
000002222222222228877600
000002222222222228877600
000022222222222222877600
000022222222222222877611
000222222222222222876642
000222222222222222277665
000222222222222222287766
002222222222222222228776