000000001111111198650000
000000001111111997640000
000000001111111987640000
000000001111111976640000
000000001111119876540000
000000001111119876540000
000000001111118876540000
000000002011118888540000
000000001011111998630000
000000001011111998530000
000000001111111998831000
000000001111111999832100
000000001111111999983100
000000001111111199998200
000000001111111199998300
000000011111111199998800
000000111111111119999800
000000111111111119999811
000000111111111111999822
000000111111111111999833
000000111111111111998864
000001111111111111199887
000001111111111111199988
000001111111111111109998