000000000666666656800000
000000000266666557800000
000000000166666567000000
000000000166666578000000
000000000066665678000000
000000000066665678900000
000000000016666678900000
000000000006666666900000
000000000066666556800000
000000000016666556900000
000000000166666556600000
000000001266666555600000
000000001266666555500000
000000001666666655500000
000000001666666645500000
000000016666666644550000
000000026666666664455000
000000016666666664450000
000000016666666666450000
000000016666666606450000
000000066666666606456000
000000166666666606645000
000000166666666606645000
000000666666666606644000