000000002999999923000000
000000003599999220000000
000000003499999230000000
000000001499999240000000
000000000399992300000000
000000000299992300000000
000000000249993300000000
000000000239993300000000
000000000399999200000000
000000000349999200000000
000000003499999220000000
000000024599999220000000
000000024599999220000000
000000024999999922000000
000000234999999912000000
000000349999999911000000
000000259999999991100000
000000249999999191100000
000000249999999199100000
000001349999990139100000
000001399999990139100000
000002499999990139900000
000012499999990139900000
000013999999990139900000