000000035777777720000000
000000006877777200000000
000000006777777200000000
000000034777777000000000
000000003677772000000000
000000003577772000000000
000000003577771000000000
000000003567771000000000
000000002677777000000000
000000002677777000000000
000000016777777000000000
000000057877777000000000
000000057877777200000000
000000057777777700000000
000000167777777700000000
000000677777777730000000
000000587777777770000000
000001577777777470000000
000003577777777470000000
000004677777773467000000
000014677777773467000000
000035777777773467000000
000045777777773467000000
000246777777773467000000