000000046666666600000000
000000007966666300000000
000000017866666300000000
000000045866666000000000
000000004766663000000000
000000004666660000000000
000000004686660000000000
000000004676660000000000
000000003766660000000000
000000003786660000000000
000000027866660000000000
000000068966666000000000
000000068966666000000000
000000168666666600000000
000000278666666600000000
000000786666666600000000
000000696666666600000000
000002686666666560000000
000004686666666560000000
000005786666664570000000
000025766666664570000000
000046866666664570000000
000156866666664576000000
000357666666664570000000