000000268444444000000000
000000029844444000000000
000000039944444000000000
000000167944440000000000
000000026944440000000000
000000016844440000000000
000000016894440000000000
000000006894440000000000
000000005944440000000000
000000025994440000000000
000000149944440000000000
000000189844440000000000
000000289844440000000000
000000389444444000000000
000002499444444000000000
000001994444444000000000
000002884444444000000000
000004894444444700000000
000006894444444700000000
000027994444446700000000
000047944444446700000000
000068944444446790000000
000378944444446700000000
000579444444446790000000