000000489222222000000000
000000248622222000000000
000000158722220000000000
000000089722220000000000
000000148822200000000000
000000038922200000000000
000000038972200000000000
000000028982200000000000
000000027822200000000000
000000047872200000000000
000000068722200000000000
000000397622220000000000
000000497622220000000000
000000597222222000000000
000000687222222000000000
000000872222222000000000
000000962222222000000000
000000972222222000000000
000008972222222900000000
000009872222228900000000
000009822222228900000000
000089722222228900000000
000099722222228900000000
000098222222228900000000