000000097111111000000000
000000066411111000000000
000000076511112000000000
000000008511110000000000
000000009611120000000000
000000009711110000000000
000000009751100000000000
000000009761100000000000
000000009611100000000000
000000009651110000000000
000000006511120000000000
000000075411110000000000
000000075411111000000000
000000075111111000000000
000000065111111000000000
000000051111111000000000
000000041111111100000000
000000751111111200000000
000000751111111800000000
000000651111119800000000
000008611111119810000000
000007511111119800000000
000007511111119810000000
000006111111119800000000