000000000000000000000000
000000000510000000000000
000000000511111000000000
000000000211113000000000
000000000071112000000000
000000000151110000000000
000000000031120000000000
000000000021130000000000
000000000031120000000000
000000000051110000000000
000000000351112000000000
000000000461112000000000
000000000511111000000000
000000001511111200000000
000000002611114300000000
000000003311114200000000
000000005311124100000000
000000027311114100000000
000000027311111900000000
000000021311119900000000
000000025111119900000000
000000014111119900000000
000000014711119200000000
000000004611119100000000