000000000000000000000000
000000000720000000000000
000000000722223000000000
000000000422221000000000
000000000292231000000000
000000000372220000000000
000000000152210000000000
000000000142210000000000
000000000152210000000000
000000000172220000000000
000000000572230000000000
000000000682220000000000
000000002722222000000000
000000003722222000000000
000000004822236000000000
000000005122236000000000
000000027122246200000000
000000049122226300000000
000000049122222700000000
000000042122228700000000
000000047222228700000000
000000036222228000000000
000000036922228000000000
000000026822228000000000