000000000000000000000000
000000000830000000000000
000000000833334000000000
000000000533331000000000
000000000393340000000000
000000000483330000000000
000000000263320000000000
000000000253300000000000
000000000263300000000000
000000000283300000000000
000000000683340000000000
000000000793330000000000
000000003833333000000000
000000004833333000000000
000000005933347000000000
000000016133347000000000
000000038133357000000000
000000059133337400000000
000000059133333000000000
000000053133337600000000
000000058333337000000000
000000047333337000000000
000000047933337000000000
000000037933337000000000