000000000000000000000000
000000000300331000000000
000000008388882000000000
000000000688881000000000
000000000818870000000000
000000000738820000000000
000000000958810000000000
000000000968800000000000
000000000958800000000000
000000000938820000000000
000000000538830000000000
000000002428841000000000
000000008388882000000000
000000007388882000000000
000000006208873000000000
000000005908874100000000
000000003908864200000000
000000001988884200000000
000000001988888200000000
000000008988882100000000
000000003888882000000000
000000004888883100000000
000000070188884200000000
000000000288884200000000