000000000000000000000000
000000000000442000000000
000000009277773000000000
000000000577772000000000
000000000717760000000000
000000000027730000000000
000000000047720000000000
000000000057710000000000
000000000047710000000000
000000000827730000000000
000000000427741000000000
000000000317752000000000
000000007277773000000000
000000006277773000000000
000000005117764100000000
000000004917763200000000
000000002917753300000000
000000001977773300000000
000000001977777300000000
000000007977773200000000
000000002777773100000000
000000003777774200000000
000000001177775300000000
000000000177775300000000