000000000000000000000000
000000000000053000000000
000000000166664000000000
000000000466663000000000
000000000626650000000000
000000000016641000000000
000000000036630000000000
000000000046620000000000
000000000036620000000000
000000000016640000000000
000000000316652000000000
000000000216663000000000
000000006166664000000000
000000005166664000000000
000000004126655200000000
000000003826652300000000
000000001826642400000000
000000002866662410000000
000000002866666410000000
000000006866664310000000
000000001666664200000000
000000002666665300000000
000000002266666400000000
000000000166666400000000