000000000000000000000000
000000000000075000000000
000000000244446000000000
000000000244445000000000
000000000444432000000000
000000000024463000000000
000000000014451000000000
000000000024441000000000
000000000014441000000000
000000000024461000000000
000000000024474000000000
000000000034485000000000
000000000244446100000000
000000000244446200000000
000000000344437400000000
000000001644431500000000
000000002644421620000000
000000004644441630000000
000000004644444630000000
000000000644446530000000
000000000444446420000000
000000000444447520000000
000000000444448610000000
000000000344448610000000