000000000000000000000000
000000000002089300000000
000000000011119300000000
000000000011119200000000
000000000081126100000000
000000000001197100000000
000000000001195000000000
000000000001185000000000
000000000001185000000000
000000000001195100000000
000000000001188200000000
000000000071179300000000
000000000011119500000000
000000000011119600000000
000000000781128800000000
000000000281125940000000
000000001281135960000000
000000008211115972000000
000000001211111970000000
000000000211119970000000
000000000111119860000000
000000000011118962000000
000000000011117953000000
000000000011117950000000