000000000000000000000000
000000000011007000000000
000000000044446600000000
000000000044447500000000
000000000084459000000000
000000000014469000000000
000000000004478000000000
000000000004488000000000
000000000004488000000000
000000000004468000000000
000000000014458000000000
000000000094447000000000
000000000044446800000000
000000000144446900000000
000000000984455800000000
000000000284458700000000
000000004284468690000000
000000008244448690000000
000000004244444690000000
000000001244446790000000
000000000444446890000000
000000000244445090000000
000000000244444680000000
000000000244444600000000