000000000000000000000000
000000000133005000000000
000000000266664800000000
000000000066665000000000
000000000066678000000000
000000000036647000000000
000000000016650000000000
000000000006669000000000
000000000006669000000000
000000000026649000000000
000000000036636000000000
000000000276625000000000
000000000266664900000000
000000000366664800000000
000000000766673600000000
000000002466679500000000
000000006466609400000000
000000006466669400000000
000000006466666400000000
000000003466664500000000
000000002666664600000000
000000001466663180000000
000000002466662090000000
000000002466662000000000