000000000100000000000000
000000000591101000000000
000000000877773200000000
000000000677772200000000
000000000017762100000000
000000000597732000000000
000000000077721000000000
000000000067710000000000
000000000067711000000000
000000000087731000000000
000000000697741000000000
000000000817752000000000
000000000877773000000000
000000001977773100000000
000000000117764100000000
000000008917763200000000
000000007917763310000000
000000001977773310000000
000000057977777320000000
000000059977773220000000
000000058777773320000000
000000057977774711000000
000000048977775310000000
000000038977775210000000