000000000320000000000000
000000000783323220000000
000000000955555420000000
000000000855554420000000
000000000135541310000000
000000000085554100000000
000000000095543100000000
000000000085532100000000
000000000085533100000000
000000000095553100000000
000000000085563100000000
000000000025574100000000
000000000955555200000000
000000000855555300000000
000000000235546320000000
000000000735541420000000
000000000735581531000000
000000000755551031000000
000000000755555042000000
000000008755555042100000
000000009555555042100000
000000009755556933110000
000000069755557532210000
000000009755557432110000