000000000000000000000000
000000000965511442100000
000000000733337642100000
000000000933336642100000
000000000053323532100000
000000000063376322000000
000000000083365320000000
000000000093354321000000
000000000093355310000000
000000000073375310000000
000000000063385310000000
000000000043396310000000
000000000033337410000000
000000000033337520000000
000000000053328540000000
000000000053322642000000
000000000053392753100000
000000000033332253200000
000000000033333214210000
000000000033337204320000
000000000033337204321000
000000000033338805331000
000000000533339710431000
000000000533339610332000