000000000000000000540000
000000000000000997640000
000000000000007897650000
000000000000038897653000
000000000000048987643000
000000000000378877543000
000000000000389875443000
000000000000099876543000
000000000000099865543200
000000000000079865432100
000000000000069865432100
000000000000008864432100
000000000000007964332100
000000000000007974332100
000000000000006995422100
000000000000047897421100
000000000000047798630000
000000000000037798750000
000000000000033769760000
000000000000037759870000
000000011000037754876500
000000111001336354886500
000000121113335764286500
000000222233335864187540