000000000000000000000000
000000000000000130000000
000000000000000168000000
000000000000000468900000
000000000000007578980000
000000000000034788980000
000000000000045789880000
000000000000156789980000
000000000000055799987000
000000000000035799876000
000000000000025799876000
000000000000004798876000
000000000000003698776000
000000000000000588776000
000000000000000569866000
000000000000008468865000
000000011000008357970000
000000023000078857800000
000000044100077896800000
000000044222173896700000
000000005333373898789000
000000000445772298770000
000000000557771398670000
000000000677771498578000