000000000000000000000000
000000000000000500000000
000000000000002500000000
000000000000002124500000
000000000000033134500000
000000000000021344600000
000000000000311346770000
000000000000512345670000
000000000000311356670000
000000000000021356780000
000000000000031356780000
000000000000011357780000
000000000000002257880000
000000000000004147880000
000000000000004126790000
000000023000004124700000
000000055000014213500000
000000067200084413400000
000000088532188452400000
000000008666582462300000
000000001777782467340000
000000003889883667330000
000000004998884257930000
000000004988884157930000