000000000000000000000000
000000000000000000000000
000000000000005800000000
000000000000005421000000
000000000000061311200000
000000000000254111300000
000000000000643113400000
000000000000832112300000
000000000000633123340000
000000000000353123450000
000000000000063123450000
000000000000044124450000
000000000000005224550000
000000000000007314550000
000000000000007323460000
000000056000001421400000
000000388000041531200000
000000099500051131100000
000000088865455122100000
000000008999855132100000
000000004999955134110000
000000006887556934100000
000000007775557524600000
000000007655557424710000