000000000000000000000000
000000000000000000000000
000000000000009700000000
000000000000009864000000
000000000000095754300000
000000000000698544200000
000000000000987542100000
000000000000776543220000
000000000000977532210000
000000000000797532110000
000000000000097532110000
000000000000088531110000
000000000000009631110000
000000000000008741110000
000000000000008762120000
000000099000004864100000
000000077000004975300000
000000065900014475400000
000000044799811436400000
000000004666719426500000
000000000555519421500000
000000000443119621520000
000000000331118931200000
000000008211118831350000