000000000000000741000000
000000000000000874410000
000000000000004788840000
000000000000084312761000
000000000000851212382000
000000000000143122494000
000000000001532124575000
000000000000721123447100
000000000000522134458200
000000000000042134568200
000000000000052134569300
000000000000033135569300
000000000000004135669300
000000000541006225669300
000000008973006214579300
000000005773002312598300
000000007684002421382000
000000000496302221272000
000000000054666231260000
000000000088764241160000
000000000999964245170000
000000000998665845140000
000000000886666435777000
000000000766666335815100