000000000000000963000000
000000000000000696630000
000000000000026966961000
000000000000096531583000
000000000000972421194000
000000000000365211276000
000000000003754212357200
000000000000943211229300
000000000000744212239400
000000000000064212349400
000000000000074212348500
000000000000055213348500
000000000021006313447500
000000000763008413447500
000000000795008432357500
000000000595001531379500
000000000496201642194000
000000000678501142194000
000000000076844113180000
000000000099946123280000
000000000088846123290000
000000000076447923222000
000000000664448613559000
000000000544448513627300