000000000000000885000000
000000000000000488850000
000000000000048844783000
000000000000278753395000
000000000000794643276000
000000000000587433158200
000000000005976431139400
000000000000865432118500
000000000000966421117600
000000000000086421127600
000000000000096421126700
000000000000077421126700
000000000043008521225700
000000000985109631225700
000000000587209651135700
000000000387203753157700
000000000278403864276000
000000000059723364386000
000000000098922325390000
000000000077828315490000
000000000066628311482000
000000000054229711414000
000000000042229821338000
000000000022229721449520