000000000000000588000000
000000000000000158880000
000000000000078511486000
000000000000548986168000
000000000000477976549000
000000000000889766428500
000000000008799764317700
000000000002598765445800
000000000000799754434900
000000000000089754324900
000000000000079754323900
000000000000099753323900
000000000076208853222900
000000000788406963222900
000000000259506984312900
000000000159506986324900
000000000248706897549000
000000000026956697659000
000000000078622658663000
000000000044528648760000
000000000033328643750000
000000000021227443747000
000000000012226853115000
000000000022226953177850