000000000000000479000000
000000000000000147790000
000000000000087411377000
000000000000637897259000
000000000000368987639000
000000000000978877517600
000000000009689875426800
000000000003499876554900
000000000000699865543900
000000000000079865433900
000000000000069865432800
000000000000088864432800
000000000087317964331800
000000000679505974331800
000000000148605995421800
000000000248607897413800
000000000337807798639100
000000000015867798749000
000000000067533769754000
000000000033437759850000
000000000022237754840000
000000000011336354858000
000000000013335764224000
000000000033335864186960