000000000000000258000000
000000000000000325580000
000000000000095233159000
000000000000815689438000
000000000000149799817000
000000000000856999725000
000000000008467997644900
000000000005278998772800
000000000000477987761700
000000000000057987651700
000000000000247987651600
000000000000066986651600
000000000099535886552600
000000000458703796552600
000000000226803787642600
000000000426809689621600
000000000515909579817300
000000000023689979927000
000000000045355988936000
000000000011255978930000
000000000011155976920000
000000000023554176979000
000000000035553586442000
000000000055553686394880