000000000000001631000000
000000000000001963310000
000000000000023699730000
000000000000473213851000
000000000000742123471000
000000000005132233593000
000000000001421235684000
000000000007611234556100
000000000002411245567100
000000000000431245677100
000000000000941245678200
000000000000122246678200
000000000020093146779200
000000000431005136779200
000000001962005115689200
000000000862003213697200
000000000773203312471000
000000000295203312361000
000000000043577341356000
000000000077673351251000
000000000088873356263000
000000000199774756252000
000000000597775346886000
000000000377775246924140