000000000000003850000000
000000000000003785500000
000000000000015877950000
000000000000295421670000
000000000002961311290000
000000000007254111385000
000000000002643113466000
000000000005832112338000
000000000004633123349000
000000000001653123459300
000000000000863123459400
000000000000344124459400
000000000000075224558400
000000000652027314558400
000000003884007323468400
000000002684001421489400
000000001595001531293000
000000000487401131183000
000000000065755122170000
000000000199855132170000
000000000299955134180000
000000000387556934131000
000000000775557524668000
000000000555057424716220