000000000000136800000000
000000000000036488800000
000000000000048844700000
000000000000278753390000
000000000005794643270000
000000000009587433150000
000000000025976431130000
000000000032865432118000
000000000027966421117000
000000000004986421127000
000000000000596421126000
000000000000677421126000
000000000000248521225000
000000000980059631225000
000000006580030651135000
000000005387023753157000
000000004278013864276000
000000002759003364380000
000000000398922325390000
000000000477828315490000
000000000566628311480000
000000000654229711410000
000000000942229821330000
000000000822329721449500