000000000123688345000000
000000000013588236000000
000000000012496322200000
000000000002726798300000
000000000019259898720000
000000000024967988610000
000000000079578986530000
000000000084389987660000
000000000077588976652000
000000000029568976542000
000000000002158976541000
000000000000877975541000
000000000000226975441000
000000000000094885441000
000000000000082896531000
000000000000071798500000
000000000000068689720000
000000047000058889830000
000000145000044879840000
000000134000046869910000
000000123900046865930000
000000112812045265960000
000000011424444675330000
000000000644844775290000