000000002345896160000000
000000001235796410000000
000000001234684144000000
000000000124914579000000
000000000137138689900000
000000000242745899800000
000000000297356898750000
000000000296167899880000
000000000295366898870000
000000000248346898760000
000000000124336898760000
000000000001655897760000
000000000000444797660000
000000000000272697660000
000000000000294678753000
000000000000203579710000
000000000000109468910000
000000000000109968910000
000000000000066997922000
000000000000064987832000
000000000000064987812000
000000300000063187882100
000002230000062497552100
000012220000062597482100