000000000000000000000000
000000000000000000000000
000000000000000000000000
000000000000000000000000
000000000000000000000000
000000000000000000000000
000000000000000000000000
000000000000000000000000
000000000000000000000000
000000000000000000000000
000000000000000000000000
000000000000000000000000
000000000000000000000000
000000000000887000000000
000000000007777600000000
000000000056776500000000
000000000046665400000000
000000000035555400000000
000000000014444300000000
000000000003333200000000
000000000000222000000000
000000000000000000000000
000000000000000000000000
000000000000000000000000