000000000000000000000000
000000000000000000000000
000000000000000000000000
000000000000000000000000
000000000000000000000000
000000000000000000000000
000000000000000000000000
000000000000000000000000
000000000000000000000000
000000000000000000000000
000000000000000000000000
000000000000000000000000
000000000000010000000000
000000000001998000000000
000000000008888700000000
000000000067887600000000
000000000057776500000000
000000000046666500000000
000000000005555400000000
000000000004444300000000
000000000000330000000000
000000000000000000000000
000000000000000000000000
000000000000000000000000