000000000000000000000000
000000000000000000000000
000000000000000000000000
000000000000000000000000
000000000000000000000000
000000000000000000000000
000000000000000000000000
000000000000000000000000
000000000000000000000000
000000000000000000000000
000000000000000000000000
000000000000000000000000
000000000001121000000000
000000000002999100000000
000000000019999800000000
000000000078998700000000
000000000068887600000000
000000000057777600000000
000000000006666500000000
000000000000555000000000
000000000000000000000000
000000000000000000000000
000000000000000000000000
000000000000000000000000