000000000000000000000000
000000000000000000000000
000000000000000000000000
000000000000000000000000
000000000000000000000000
000000000000000000000000
000000000000100000000000
000000000001111000000000
000000000012222100000000
000000000023333100000000
000000000133444300000000
000000000134555300000000
000000000046676500000000
000000000007445000000000
000000000000555000000000
000000000000000000000000
000000000000000000000000
000000000000000000000000
000000000000000000000000
000000000000000000000000
000000000000000000000000
000000000000000000000000
000000000000000000000000
000000000000000000000000