000000000000000000000000
000000000000000000000000
000000000000000000000000
000000000000000000000000
000000000000000000000000
000000000000000000000000
000000000000000000000000
000000000000888100000000
000000000089999800000000
000000000099999800000000
000000000099888920000000
000000000098777910000000
000000000086656400000000
000000000035444200000000
000000000003332100000000
000000000000100000000000
000000000000000000000000
000000000000000000000000
000000000000000000000000
000000000000000000000000
000000000000000000000000
000000000000000000000000
000000000000000000000000
000000000000000000000000