000000000000000000000000
000000000000000000000000
000000000000000000000000
000000000000000000000000
000000000000000000000000
000000000000000000000000
000000000000000000000000
000000000000000000000000
000000000000066700000000
000000000005555730000000
000000000005444560000000
000000000054333551000000
000000000042212842000000
000000000071888640000000
000000000017776530000000
000000000003544310000000
000000000000222100000000
000000000000011000000000
000000000000000000000000
000000000000000000000000
000000000000000000000000
000000000000000000000000
000000000000000000000000
000000000000000000000000