000000000000000000000000
000000000000000000000000
000000000000000000000000
000000000000000000000000
000000000000000000000000
000000000000000000000000
000000000000000000000000
000000000000000000000000
000000000000000000000000
000000000003111300000000
000000000001111190000000
000000000021222190000000
000000000013343780000000
000000000084777980000000
000000000028889970000000
000000000007988710000000
000000000004666500000000
000000000000355000000000
000000000000000000000000
000000000000000000000000
000000000000000000000000
000000000000000000000000
000000000000000000000000
000000000000000000000000