000000001111111111111111
000000000000000000011111
000000000000000000000000
000000000000000000000000
000000000000000000000000
000000000000000000000000
000000000000000000000000
000000000000000000000000
000000000000000000000000
000000000001222000000000
000000000012333200000000
000000000043444280000000
000000000035565590000000
000000000066555790000000
000000000046667890000000
000000000029899900000000
000000000006888700000000
000000000000577000000000
000000000000000000000000
000000000000000000000000
000000000000000000000000
000000000000000000000000
000000000000000000000000
000000000000000000000000