444444400000000000000000
444444444400000000000000
444444444400000000000000
443333333300000000000000
333333333300000000000000
333333333333004444000000
333333333333003444400000
333333333333003333300000
333333333330003333330004
333333333330000333330044
333333333300000033333044
333333333300000033333344
333333333000000033333334
333333333000000033333334
333333333300000033333333
333333333300000033333333
333333333330000033333333
333333333334000033333333
333333333333303333333333
333333333333333333333333
333333333333333333333333
333333333333333333333333
333333333333333333333333
333333333333333333333333