000000000000000011111111
000000000000000000000111
001000000000000000000000
000100000000000000000000
000000000000000000000000
000000000000000000000000
000000000000000000000000
000000000000000000000000
000000000000000000000000
000000000000000000000000
000000000000000000000000
000000000000000000000000
111110000000022119900000
111111112200022399999900
111111112220022399999999
911111112220022399999999
991111199222223399999999
999199999998333399999999
999999999999939999999999
999999999999999999999999
999999999999999999999999
999999999999999999999999
999999999999999999999999
999999999999999999999999