000011000011111122222222
000010000011111111111222
000000000011111111111111
000000000001111111111111
000000000001111111111111
000000000001111111111111
000000000001111111100000
000000000000110000000000
000000000000000000000000
000000000000000000000000
000000000000000000000000
000000000000000000000000
000000000000000000000000
000000000000000000000000
000000000000000000000000
000000000000000000000000
882202000333334000000000
888288800887444488800000
888888880088848888888888
888888880888888888888888
888888888888888888888888
888888888888888888888888
888888888888888888888888
888888888888888888888888