033344333344444455555555
033343333344444444444555
033322333344444444444444
030222333334444444444444
300122233334444444444444
000022233334444444444444
000022233334444444433333
000022233333443333333333
000012233322333333333333
000002222223333332222323
001100223323322222222222
000010000332100000112222
000000000000000000001222
000000000000000000000222
000000000000000000000122
000000000000000000000002
000000000000000000000000
000000000000000000000001
000000000000000000000000
000000000000000000000001
000000122000000000000002
000000155555000000000222
550055555555555500001555
550055555555555555001555