004455444455555566666666
000454444455555555555666
000033444455555555555555
000033444445555555555555
000003344445555555555555
000003344445555555555555
110000344445555555544444
010000344444554444444444
000000344433444444444444
000000333334444443333434
000000004434433333333333
000000100043211111223333
000000000001110000000333
000000011000000000000033
000000000000000000000003
000000000000000000000003
000000000000000000000000
000000000000000000000000
000000000000000000000000
000000000000000000000000
000000000000000000000000
000000004440000000000000
000000004444440000000000
441000044444444444000044