443333322000000000000000
444333322200000000000000
444433322210000000000000
444443332221000000000000
444443333221000000000000
444443333222200000000000
442223313222210000000000
342222110022110000000000
322221100002110000000000
342221100002110000000009
332222100002100000000009
333322210000100000000119
433332222100000000000100
443333222110000000000100
445333422211000000000000
455433442221000000000000
454334422231100000000000
444334422311100110000000
443334222311002110000000
333333223311001110000000
333332223110011100000000
222222221110011000000000
111222221100111000000000
011111111000110000000000