887777760000000000000000
888777766000000000000000
888877766600000000000000
888887776660000000000000
888887777665000000000000
888887777666600000000000
886667757666650000000000
786666554466554000000000
766665544332554000000000
786665544310054320000000
776666544200044320000000
777766654200004320000000
877776666500003210000000
887777666500003210000000
889777866650001100000000
899877886665400000000000
898778866675500000000000
888778866755540000000000
887778666755440000000000
777777667755433000000000
777776667554432000000000
666666665554432000300000
555666665544321003300000
455555555444320003220000