999999000000000000000002
999999900000000000000000
999999980000000000000000
999999998000000000000000
999999999800000000000000
999999999880000000000000
998889979888000000000000
998888776688700000000000
988887766554770000000000
998887766531270000000000
998888766400066000000000
999988876000016540000000
999998888000005430000000
999999888000025430000000
998999988800003320000000
988999998880001200000000
989999988897700100000000
999999988977700000000000
999999888977600000000000
999999889977600000000000
999998889776650000000000
888888887776650000000000
777888887766540000000000
677777777666540005000000