889999000000000000000000
888999900000000000000001
888899990000000000000000
888889999000000000000000
888889999900000000000000
888889999990000000000000
889999989999000000000000
989999887799800000000000
999998877665800000000000
989998877642380000000000
999999877500070000000000
999999987100027000000000
899999999000006540000000
889999999000006540000000
887999899900014400000000
877899889900002300000000
878998899998001200000000
888998899988800000000000
889998999988700000000000
999999999988700000000000
999999999887700000000000
999999998887700000000000
888999998877650000000000
788888888777650000000000