556666300000010000000000
555666630000000000000000
555566670000000000000000
555556667000000000000000
555556666700000000000000
555556666770000000000000
557776686770000000000000
657777889977000000000000
677778899998800000000000
657778899975600000000000
667777899832200000000000
666677789421000000000000
566667777310000000000000
556666777200000000000000
554666577700000700000000
544566557710005600000000
545665577760000500000000
555665577688800300000000
556665777688910000000000
666666776688910000000000
666667776889920000000000
777777778889930000000000
888777778899980000000000
988888888999980000000000