334444000000232100000000
333444000000110000000000
333344400000000000000000
333334440000000000000000
333334440000000000000001
333334444000000000000002
335554464500000000000001
435555667750000000000000
455556677889000000000000
435556677897000000000000
445555677954400000000000
444455567643200000000000
344445555531000000000000
334444555420000000000000
332444355510000900000000
322344335530000800000000
323443355540000700000000
333443355466000000000000
334443555466730000000000
444444554466730000000000
444445554667740000000000
555555556667750000000000
666555556677890000000000
766666666777890000000000