665555555668985444445678
666557455558953222334567
666657455558821111233456
666664444177300000122345
666664320005100000011233
666653300011000000000123
664453100000000001346789
564443200000000001234455
544444321000000000001334
564443332200000000000012
554444322321000000000012
555544432573000000000012
655554444680000000000002
665555444700010000000001
667555644410020000000000
677655664481000000111000
676556644452200000021111
666556644534300000010010
665556444533200000010000
555555445533200000000000
555554445332200000000000
444444443332201200000000
333444443322001200000000
233333333222011000000000