998888888998658777778998
999889788888786555667899
999989788888854444566789
999997777499632223455678
999997652108400012344566
999986632104000001233456
997786431000000020129987
897776532000000024567788
877777654210000000334667
897776665532000000123345
887777655650000000023345
888877765240100000001345
988887777351000000001235
998888777432000000112234
999888977743000000003333
999988997754000000001333
999889977785010000001244
999889977867010000000003
998889777866010000000000
000000778860100000000000
000000000000000000000000
100000070000000000000000
111110111111000000000000
111111011111000000000000