445555555442125666665432
444553655552157888776543
444453655552289999877654
444446666933798889988765
444446788765955678999877
444457798700000467899987
446657997400003646784321
546667898640000689876655
566666789875000006999776
546667778890000015789998
556666788783000233689998
555566678535000014567998
455556666427000000667898
445550666398200000000099
443510000000000000000009
433222111111000000000001
444333322332110021000001
554444433443222123221112
555554445554333223333222
665555545555444334444333
666666566666555444554444
766666656666555554555555
777776777777666655566665
777777677777666665666666