334444444331234555554321
333442544441146777665432
333342544441178888766543
333335555822699999877654
333335679874866789988766
333346699801001578999876
335546898500004757893211
435556799750000798765544
455555678980000017998665
435556667791000126899987
445555677674000044799987
444455567646000025678987
344445555538100000708997
334440000000000000000198
332421110111000000000019
322333222222110110000012
355444433443221132111112
665555544554333234332223
666665556665444334444333
776666656666555445555444
777777677777666555665555
877777767777666665666666
888887888888777766677776
888888788888777776777777