221111111224671111111234
222113111114512333221123
222213111114434444322112
222221111433256665433211
222221236781499876544322
222212256745215987655432
221112457940008898762345
121112356894003864321111
111111234671000458554221
121112223355000569765543
111111233238100488865543
111111100980000000087543
211111211111000000007653
221114433333210210012554
223165554555332333223455
233777666666553554434456
299888877887665576555556
999999988998777678776667
999999999999888778888777
889999999999999889999888
888888988888999999999999
788888898888999999999999
777778777777888899988889
777777877777888889888888