778888888775328999998765
777886988885489888999876
777786988885587777899987
777779999766965556788998
777779985438722345677899
777789965450084134566789
779989764152011313457654
879999865315006357899988
899999987548007543667999
879999998864000432456678
889999980980000000356678
888899998374000000534678
788889788888979851894568
778885566666789789987467
776834445444667666776546
766222333333446445565543
711111122112334423444443
221111111111222321223332
222221112221111221111222
332222212222111111111111
333333233333222111221111
433333323333222221222222
444443444444333322233332
444444344444333332333333