556666666553116777776543
555664766663268999887654
555564766663399999988765
555557777944887778999876
555557897656944567899988
555568887630062356788998
557768986330032535675432
657778987533004579987766
677777899766009325889887
657778889982000214678899
667777890090000000578899
666677789596000000756899
566667566666898973976789
556663344444567567765289
554612223222445444554328
544111111111224223343321
533222211221112211222221
443333322332111112111111
444443334443222112222111
554444434444333223333222
555555455555444333443333
655555545555444443444444
666665666666555544455554
666666566666555554555555