223333333221343444443211
222331433331235666554321
222231433331167777655432
222224444711589998766543
222224569983777899877655
222235589910032689988765
224435789610005868992112
324445689860001897654433
344444567993007128887554
324445556682000237998876
334444500060000000898876
333344456879201000989876
233334233333575696649986
223331111111234234432287
221332221222112111221128
211444333333221221111123
266555544554332243222223
776666655665444345443334
777776667776555445555444
887777767777666556666555
888888788888777666776666
988888878888777776777777
999998999999888877788887
999999899999888887888888