443333333446893222223456
444335233336731111112345
444435233336612222111234
444442222255134443211123
444442114563277654322111
444431134500037865433211
442231235860039686544567
342221134680005642112233
322222112450002676332112
342221111137000787543321
332222100000000000643321
333322211625000000465321
433332433333121148125431
443336655555432432234732
445387776777554555445673
455999888888775776656678
488999999999887798777778
778888899889999899998889
777778887778999999999999
667777787777888998888999
666666766666777888778888
566666676666777778777777
555556555555666677766667
555555655555666667666666