554444444557994333334567
555446344447842111223456
555546344447711111122345
555553333166223332111234
555553213454166543211122
555542223400048754322112
553342124770048575435678
453332123570006531123344
433333211340011785221223
453332221128000896432211
443333200010000000532211
444433321510000000354211
544443544444212137134321
554447766666543543345821
556498887888665666556782
566999999999886887767789
577888899889998899888889
667777788778999998999999
666667776667888998888999
556666676666777887777888
555555655555666777667777
455555565555666667666666
444445444444555566655556
444444544444555556555555