776666666779876555556789
777668566669964333445678
777768566669932222344567
777775555288411111233456
777775431236244321122344
777764411221069532111234
775564212500066353217899
675554311350008312345566
655555432120032993112445
675554443319002984211123
665555412230000001311123
666655543020000000132123
766665766666404305352113
776669988888765765567912
778689999999887888778991
788777888888998999989998
755666677667889978999998
445555566556777876778887
444445554445666776666777
334444454444555665555666
333333433333444555445555
233333343333444445444444
222223222222333344433334
222222322222333334333333