999999999997549888889987
999998899997697666778998
999998899997765555677899
999998888588743334566789
999998763219511123455677
999997743254396212344567
998897542200093121239876
998887643120028135678899
988888765320005761445778
998887776640005651234456
998888745563001214134456
999988800000000000312456
999998999999000000682346
999997788888998998899645
998956667666889888998764
988444555555668667787765
922333344334556645666665
112222233223444543445554
111112221112333443333444
111111121111222332222333
111111111111111222112222
211111111111111112111111
222221222222111111111111
222222122222111111111111