445555555442125666665432
444553655552157888776543
444453655552289999877654
444446666933798889988765
444446788765955678999877
444457798799851467899987
446657997430053646784321
546667898640073689876655
566666789870009216999776
546667778890009115789998
556666799988006769689998
555566600340000003867998
455556455550000000867898
445552233333456406654199
443511112111334333443219
433222111111113112232211
444333322332111121111111
554444433443222123221112
555554445554333223333222
665555545555444334444333
666666566666555444554444
766666656666555554555555
777776777777666655566665
777777677777666665666666