334444444331234555554321
333442544441146777665432
333342544441178888766543
333335555822699999877654
333335679874866789988766
333346699889941578999876
335546898540044757893211
435556799750082798765544
455555678980008117998665
435556667790008126899987
445555698879007879799987
444455500450000000978987
344445344440000000758997
334441122222345315543198
332421111111223222332119
322333222222112111121112
355444433443221132111112
665555544554333234332223
666665556665444334444333
776666656666555445555444
777777677777666555665555
877777767777666665666666
888887888888777766677776
888888788888777776777777