112222222112452333332112
111221322222324555443211
111121322222256666544321
111113333611478887655432
111113458992688998766544
111124478967823799877654
113324679760026979981123
213334578970091986543322
233333456890006239776443
213334445572006348987765
223333476658000997987765
222233300070000000899765
122223122222001000539875
112222211111123133321376
111243332333111111111237
111555444444331332212234
177666655665443354333334
887777766776555456554445
888887778887666556666555
998888878888777667777666
999999899999888777887777
999999989999888887888888
999999999999999988899998
999999999999999998999999