554444444557994333334567
555446344447842111223456
555546344447711111122345
555553333166223332111234
555553213454166543211122
555542223410048754322112
553342124780008575435678
453332123574006531123344
433333211345001785221223
453332221127000896432211
443333220113000000532211
444433352131000000054211
544443544447516320134321
554447766666543583345821
556498887888665666556782
566999999999886887767789
577888899889998899888889
667777788778999998999999
666667776667888998888999
556666676666777887777888
555555655555666777667777
455555565555666667666666
444445444444555566655556
444444544444555556555555