334444444331234555554321
333442544441146777665432
333342544441178888766543
333335555822699999877654
333335679874864200988766
333346699889531000999876
335546898548653100003211
435556799754654100065544
455555678983754200098665
435556667791964300001987
445555696434443200000000
444455536751011100000000
344445344441302500000000
334441122222345315043100
332421111111223222332119
322333222222112111121112
355444433443221132111112
665555544554333234332223
666665556665444334444333
776666656666555445555444
777777677777666555665555
877777767777666665666666
888887888888777766677776
888888788888777776777777