223333333221343444443211
222331433331235666554321
222231433331167777655432
222224444711589998766543
222224569983775310877655
222235589979642000988765
224435789657764200012112
324445689863765200004433
344444567992865300187554
324445556681875400002876
334444587545554310000100
333344425642122200000000
233334233331000000000000
223331111111234224030000
221332221222112111021120
211444333333221221111123
266555544554332243222223
776666655665444345443334
777776667776555445555444
887777767777666556666555
888888788888777666776666
988888878888777776777777
999998999999888877788887
999999899999888887888888