111111111113561222221123
111112211113413444332112
111112211113345555433211
111112222522367776544321
111112347891597531655433
111113367857864200766543
112213568875986000131234
112223467981987400022211
122222345781987500065332
112223334463697600014654
112222369767776500012311
111122213424344400000001
111112111113200000000000
111113322222110100000000
112154443444221220010000
122666555555442443323345
188777766776554465444445
998888877887666567665556
999998889998777667777666
999999989999888778888777
999999999999999888998888
899999999999999998999999
888889888888999999999999
888888988888999999999999