221111111224671111111234
222113111114512333221123
222213111114434444322112
222221111433256665433211
222221236781498642544322
222212256746975301655432
221112457984997001242345
121112356891998000131111
111111234672898600154221
121112223354598701125543
111111259878887600023422
111111122315455500000012
211111211114311100000001
221114433333210000000001
223165554555332330000011
233777666666553554434456
290888877887665576555556
990999988998777678776667
990999999999888778888777
000999999999999889999888
000888988888999999999999
000888898888999999999999
000778777777888899988889
000777877777888889888888