443333333446893222223456
444335233336731111112345
444435233336612222111234
444442222255134443211123
444442114563279864322111
444431134524897523433211
442231235892789003464567
342221134683789001352233
322222112454689000332112
342221111136379003347321
332222137999999000245644
333322241127677700001234
433332433336533000001223
443336655555430000001223
445387776777554510001233
405999888888775776656678
002999999999887798777778
000881800889999899998889
000071800778999999999999
000000000777888998888999
000000000666777888778888
000000000666777778777777
000000000555666677766667
000000000555666667666666