998888888998658777778998
999889788888786555667899
999989788888854444566789
999997777499632223455678
999997652118424689344566
999986632142357978233456
997786431344235058989987
897776532138234006897788
877777654219134005834667
897776665538324008897345
887777632454445000799899
888877796577877000056789
988887988888980000006778
998888899999982000006778
999867778777999360056788
950555666666779778898876
500444455445667756777776
500006354034555654556665
500006353023444554444555
000000000022333443333444
000000000011222333223333
000000000011222223222222
000000000011111122211112
000000000011111112111111