999999999997549888889987
999998899997697666778998
999998899997765555677899
999998888588743334566789
999998763219513579455677
999997743253246889344567
998897542235124069979876
998887643129123007988899
988888765329123006945778
998887776647413009996456
998888741343334000898799
999988897686766000067899
999998999997890000017889
999997788888993000017889
998956667666889471167899
960444555555668667787765
600333344334556645666665
600007265023444543445554
600007264012333443333444
000000000011222332222333
000000000011111222112222
000000000011111112111111
000000000022111111111111
000000000022111111111111