667777777664217888887654
666775877774379999998765
666675877774498888999876
666668888855976667899987
666668996547831246788999
666679976586213087677899
668879875218321097646543
768889976427321009758877
788888998656421009778998
768889999974731007763789
778888973111111000065466
777788869983433000099876
677778677774570000049887
667774455555676000049887
665723334333556794499877
690111222222335334454432
900011111111223312333332
900009298021111211112221
900009297032111111111111
000000000033222112222111
000000000044333222332222
000000000044333332333333
000000000055444433344443
000000000055444443444444