445555555442125666665432
444553655552157888776543
444453655552289999877654
444446666933798889988765
444446788765953124999877
444457798798421065899987
446657997439540085424321
546667898645543007536655
566666789874643008599776
546667778892953005541998
556666795323332000043244
555566647861211000087654
455556455552350000067665
445552233333458100167665
443511112111334976687655
480222111111113112232211
800033322332111121111111
800007489043222123221112
800007489054333223333222
000000000055444334444333
000000000066555444554444
000000000066555554555555
000000000077666655566665
000000000077666665666666