334444444331234555554321
333442544441146777665432
333342544441178888766543
333335555822699999877654
333335679874864213988766
333346699889531054999876
335546898548650004313211
435556799754654006425544
455555678983754017498665
435556667791964004431987
445555696434443000032133
444455536751110000076543
344445344441240000076554
334441122222349200276554
332421111111223967776544
370333222222112111121112
700044433443221132111112
700006578054333234332223
700006579065444334444333
000000000066555445555444
000000000077666555665555
000000000077666665666666
000000000088777766677776
000000000088777776777777