112222222112452333332112
111221322222324555443211
111121322222256666544321
111113333611478887655432
111113458992686421766544
111124478968753032877654
113324679766870002121123
213334578972876004213322
233333456891976035276443
213334445572786002213765
223333478656665000011211
222233314533230000054321
122223122222120000094332
112222211111128402494332
111243332333111749954322
150555444444331332212234
500066655665443354333334
500004756076555456554445
500004757087666556666555
000000000088777667777666
000000000099888777887777
000000000099888887888888
000000000099999988899998
000000000099999998999999