332222222335782111112345
333224122225621222111234
333324122225523333211123
333331111344145554322112
333331125672389753433211
333321145635986012544321
331121346993890032353456
231111245792890001241122
211111123563799062243111
231111112245489002236432
221111148989998000034533
222211131216560000021123
322221322225420000071112
332225544444325700771112
330276665666443417721122
320888777777664665545567
200099988998776687666667
200001923099888789887778
200000924089999889999888
000000000088999999999999
000000000077888999889999
000000000077888889888888
000000000066777788877778
000000000066777778777777