999999999997549888889987
999998899997697666778998
999998899997765555677899
999998888588743334566789
999998763219513579455677
999997743253246689344567
998897542235125099979876
998887643129120037988899
988888765329120006945778
998887776647410049996456
998888741343334004798799
999988897686765000367899
999998999997890000017889
999997788888990000017889
990956667666889400167899
960444555555668667787765
600033344334556645666665
600020265503444543445554
600000264502333443333444
000000000001222332222333
000000000001111222112222
000000000001111112111111
000000000002111111111111
000000000002111111111111