889999999886439999999876
888997999996598777889987
888897999996676666788998
888889999677854445677899
888889874329612468566788
888898854364135799455678
889998653126116089868765
989998754219110048979999
999999876438210007956889
989998887756510059985567
999999851232220005887688
999999988795656000478998
899999899996790000028999
889996677777890000028999
880945556555778500278999
870333444444557556676654
700022233223445534555554
700030176602333432334443
700000175601222332222333
000000000001111221111222
000000000002111111111111
000000000002111111111111
000000000003222211122221
000000000003222221222222