778888888775328999998765
777886988885489888999876
777786988885587777899987
777779999766965556788998
777779985438721357677899
777789965475124898566789
779989764117217178757654
879999865318210059869988
899999987547310008867999
879999998865620068874678
889999962121110006976577
888899979894547000589987
788889788885680000039998
778885566666780000039998
770834445444667600389988
780222333333446445565543
800011122112334423444443
800040187701222321223332
800000186701111221111222
000000000002111111111111
000000000003222111221111
000000000003222221222222
000000000004333322233332
000000000004333332333333