223333333221343444443211
222331433331235666554321
222231433331167777655432
222224444711589998766543
222224569983775312877655
222235589979642643988765
224435789657767023212112
324445689863760095314433
344444567992860026387554
324445556681870083322876
334444587545550008521122
333344425642127000965432
233334233331130000185443
223331111111230000185443
220332221222112800865433
260044333333221221111123
600055544514332243222223
600090667705444345443334
600030068706555445555444
000000000007666556666555
000000000008777666776666
000000000008777776777777
000000000009888877788887
000000000009888887888888