443333333446893222223456
444335233336731111112345
444435233336612222111234
444442222255134443211123
444442114563279864322111
444431134524897123433211
442231235892780043464567
342221134683780041352233
322222112454680071332112
342221111136370003347321
332222137999990000145644
333322241127670000411234
433332433336500000661223
443336655555430200661223
440087776777554345611233
410099888888775776656678
100099999960887798777778
100050812220999899998889
100000013220999999999999
000000000000888998888999
000000000000777888778888
000000000000777778777777
000000000000666677766667
000000000000666667666666