665555555668985444445678
666557455558953222334567
666657455558821111233456
666664444177312221122345
666664322345157986111233
666653312312689245211123
664453113671560065686789
564443212465560023574455
544444321236460092511334
564443332218150005569112
554444315787770000367866
555544463249890000223456
655554655558710000843445
665558877777651401843445
660099998999776167423455
620088999999997998878899
200007788780999989999999
200000021140888987889998
200000021140777887777888
000000000000666776666777
000000000000555666556666
000000000000555556555555
000000000000444455544445
000000000000444445444444