887777777889767666667899
888779677779875444556789
888879677779943333455678
888886666399521112344567
888886541127335798233455
888875521131460067122345
886675321453340087898998
786665421247340015796677
766666543118240084723556
786665554429230007788234
776666523565550000589988
777766685468980000045678
877776877779930000925667
887779999999873600925667
880078889888998289245677
840066777777889889999987
400005566590778867888887
400000043360666765667776
400000012360555665555666
000000000000444554444555
000000000000333444334444
000000000000333334333333
000000000000222233322223
000000000000222223222222