998888888998658777778998
999889788888786555667899
999989788888854444566789
999997777499632223455678
999997652118424689344566
999986632142351078233456
997786431344230008989987
897776532138230006897788
877777654219130075834667
897776665538320008897345
887777632454441000099899
888877796577870000056789
988887988888940000016778
998888899999984700016778
990167778777999399156788
950055666666779778898876
500014455481667756777776
500011154470555654556665
500010023470444554444555
100000000110333443333444
000000000000222333223333
000000000000222223222222
000000000000111122211112
000000000000111112111111