556666666553116777776543
555664766663268999887654
555564766663399990988765
555557777944887700999876
555557897656942200899988
555568887697310000008998
557768986329432100005432
657778987536435100047766
677777899765534000089887
657778889983840000000899
667777884212226300000000
666677758972324200000000
566667566663493100000000
556663344444562000000000
555612223222441000000000
594511111111224000000000
933562211236112200100000
923466699975111112101000
223365578974222112222111
122354555663333223333222
122334455553444333443333
112334444442444443444444
112333333342255544455554
112233333331555554555555