111111111113561222200000
111112211113413440000000
111112211113345550000000
111112222522367710000000
111112347891597211110000
111113367857865333210000
112213568875987643210000
112223467981989642100000
122222345781900321000000
112223334463000010000000
112222369767001000000000
111122213424301704210000
111112111113208654321000
111113322222117544321000
119854443444226543321000
149966555555442433221000
488987766738554332221100
478988845529666522211100
778889976529777622111000
677899999888888771111000
677889999998999881010000
667889999997999991000000
667888888897799991000000
667788888886999991000000