443333333446893221000000
444335233336731112100000
444435233336612223221222
444442222255134443333322
444442114563279544443322
444431134524898666543322
442231235892789976543300
342221134683786975432000
322222112450023654320000
342221111000000243200000
332222137000000000000000
333322240001200000000000
433332430106230000000000
443336655501239000654310
446587776707259876654332
417699888801775766554332
188659999905887665554432
198755512226999855544433
998856643227999955444333
999867666558888994444333
999887766668777884343333
999887777779777774333333
999888888879966674333333
999988888889666664322333