554444444557994332000000
555446344447842113200000
555546344447711114332333
555553333166223354444433
555553213454168655554433
555542223413799777654433
553342124781678987654400
453332123574675986543000
433333211340034765430000
453332221000000354300000
443333226000000000000000
444433350010310000000000
544443540007341000000000
554447766602348100065420
555498887808369987765443
516599999902886877665443
177548899804998776665543
187644411135999966655544
887745532136888966555444
988756555447777885555444
988776655557666775454444
998776666668666665444444
998777777768855565444444
998877777779555555433444