665555555668985443100000
666557455558953224310011
666657455558821115443444
666664444177312265555544
666664322345157766665544
666653312312689888765544
664453113671567898765500
564443212465564897654100
544444321230005876541000
564443332100000065410000
554444315000000001000000
555544461000420000000000
655554650008452000000000
665558877000457200006530
664399998900478998876554
625488999903997988776554
266437788700999887776654
276533321144888977766655
776634421145777877666555
877645444336666776666555
877665544446555666565555
887665555557555556555555
887666666657744456555555
887766666668444446544555