887777777889767665310000
888779677779875446532233
888879677779943337665666
888886666399521187777766
888886541127335988887766
888875521131467999987766
886675321453345689987720
786665421247342689876310
766666543112000998763100
786665554310000087631000
776666523100000000200000
777766683000040000000000
877776872000074000000000
887779999000675400000000
882178889810696780098776
843266777720889899998776
444215566520778999998876
454311143360666799988877
554412212363555699888777
655423222114444558888777
655443322224333448787777
665443333335333338777777
665444444435522238777777
665544444446222228766777