999999999997549887532110
999998899997697668754455
999998899997765559887888
999998888588743399999988
999998763219513899999988
999997743253245777899988
998897542235123467899942
998887643129121468998531
988888765324000789985310
998887776530000009853000
998888741300000000020000
999988895200202000000000
999998994000096100000000
999997788201093600000000
991256667630084560000998
961144555541068677889998
622123344341056778889998
632122265581044588899999
332221134581333488999999
433211111222222339999999
433221111112111229999999
443221111113111119999999
443222222213311119999999
443322222224111119988999