889999999886439998643221
888997999996598779865566
888897999996676669998999
888889999677854489999999
888889874329612788889999
888898854364134666789999
889998653126112356789953
989998754219112357899642
999999876435000078996420
989998887640000000964000
999999851400000000030000
999999986300303000000000
899999895000097200000000
889996677302092710000000
882345556540073451000999
871233444452057566778999
711232233252005667778899
721133376692003477788899
221132245691022377888999
322121222331111228888999
322111122221111118989999
332111111112111118999999
332111111112222218999999
332211111113222228999999