667777777664217889865443
666775877774379998987788
666675877774498887889888
666668888855976667777788
666668996547831566667788
666679976586212444567788
668879875218321134567775
768889976427000135678864
788888998600000006788640
768889999000000000086000
778888970001011000000000
777788860001025100000000
677778677010179410000000
667774455110071931000000
664523334360051233111778
693411222270035344556778
922451111174023445556678
912355598884001255566677
112254467883111155666777
111243444552222116666777
111223344442333226767777
111223333331333336777777
111222222231144436777777
111122222221444446788777