556666666553116778976554
555664766663268997898899
555564766663399996778777
555557777944887756666677
555557897656942455556677
555568887697311333456677
557768986329432123456686
657778987500000124567975
677777899000000000679750
657778880001000000007000
667777880002022000000000
666677751002136200000000
566667568121269520000000
556663344221162942000000
555612223270141124222667
594511111180024233445667
933562211280032334445567
923466699970011144455566
223365578970022144555666
122354555660033225555666
122334455553444335656666
112334444442444445666666
112333333342255545666666
112233333331555555677666