887777777889787665888888
888779677899999999938239
888879679999999999999999
888886669999999999999999
888886549997995999999999
888875521999999999999999
886675329099999999999999
786665420000099999999999
766666540000088999999999
786665554210888899999999
776666527211755888999999
777766684225641578899999
877776873325574257888888
887779954366675435788888
882178884666696783555776
843266777767789899998776
444215568777748999998876
454311143878766799988877
554412212888755699888777
655423222989744558888777
655443322299833448787777
665443333399833338777777
665444444439922238777777
665544444446222228766777