000000000000000000000000
000000000000000000000000
000000000000000000000000
000000000000000000000000
000000000000000000000000
000000000000011000000000
000000000000111000000000
000000000001111000000000
000000000011111000000000
000000000001111100000000
000000000000122200000000
000000000000012200000000
000000000000002220000000
000000000000001222000000
000000000000001223100000
000000000000001223000000
000000000000000230000000
000000000000000203000000
000000000000000000000000
000000000000000000000000
000000000000000000000000
000000000000000000000000
000000000000000000000000
000000000000000000000000