000000000000000000000000
000000000000000000000000
000000000000000000000000
000000000000000000000000
000000000000000000000000
000000000000000000000000
000000000000000000000000
000000000000000000000000
000000000155520000000000
000000000445555000000000
000000004444566000000000
000000024400000000000000
000000023100000000000000
000000022000000000000000
000000021000000000000000
000000101000000000000000
000000010000000000000000
000000000000000000000000
000000000000000000000000
000000000000000000000000
000000000000000000000000
000000000000000000000000
000000000000000000000000
000000000000000000000000