000000000000000000000000
000000000000000000000000
000000000000000000000000
000000000000000000000000
000000000000000000000000
000000000000000000000000
000000000000000000000000
000000000000000000000000
000000001177000000000000
000000012667000000000000
000000016660000000000000
000000046000000000000000
000000145000000000000000
000000240000000000000000
000000240000000000000000
000001320000000000000000
000001230000000000000000
000001020000000000000000
000000010000000000000000
000000000000000000000000
000000000000000000000000
000000000000000000000000
000000000000000000000000
000000000000000000000000