000000000000000000000000
000000000000000000000000
000000000000000000000000
000000000000000000000000
000000000000000000000000
000000000000000000000000
000000000000000000000000
000000000110000000000000
000000000280000000000000
000000123770000000000000
000000127700000000000000
000000157000000000000000
000000250000000000000000
000000350000000000000000
000001350000000000000000
000002430000000000000000
000002340000000000000000
000002130000000000000000
000001120000000000000000
000000100000000000000000
000000000000000000000000
000000000000000000000000
000000000000000000000000
000000000000000000000000