000000000000000000000000
000000000000000000000000
000000000000000000000000
000000000000000000000000
000000000000000000000000
000000000000000000000000
000000000000000000000000
000001200000000000000000
000001220000000000000000
000001200000000000000000
000001450000000000000000
000003480000000000000000
000022580000000000000000
000012600000000000000000
000004600000000000000000
000005700000000000000000
000005600000000000000000
000015400000000000000000
000014400000000000000000
000033400000000000000000
000023300000000000000000
000020200000000000000000
000020200000000000000000
000000000000000000000000