000000000000000000000000
000000000000000000000000
000000000000000000000000
000000000000000000000000
000000000000000000000000
000000000000000000000000
000134000000000000000000
000245000000000000000000
000045000000000000000000
000035600000000000000000
000245800000000000000000
000247800000000000000000
000266000000000000000000
000356000000000000000000
000448000000000000000000
000249000000000000000000
000149000000000000000000
000159000000000000000000
000258800000000000000000
000277800000000000000000
000267700000000000000000
000362600000000000000000
000160600000000000000000
000010000000000000000000