000000000000000000000000
000000000000000000000000
000000000000000000000000
000000000000000000000000
000000000000000000000000
000121000000000000000000
000356100000000000000000
000067000000000000000000
000067100000000000000000
000157800000000000000000
000467900000000000000000
000469900000000000000000
000488000000000000000000
000578000000000000000000
002669000000000000000000
000468000000000000000000
000368100000000000000000
000378100000000000000000
000479900000000000000000
000499900000000000000000
000489900000000000000000
000584800000000000000000
000382800000000000000000
000030200000000000000000