000000000000000000000000
000000000000000000000000
000000000000000000000000
000000000000000000000000
000022100000000000000000
000343200000000000000000
000078300000000000000000
000089100000000000000000
000089310000000000000000
000079910000000000000000
000689720000000000000000
000088710000000000000000
000699100000000000000000
002799200000000000000000
000887200000000000000000
000086200000000000000000
000086300000000000000000
000096300000000000000000
000097700000000000000000
000088700000000000000000
000098810000000000000000
000096910000000000000000
000094910000000000000000
000051410000000000000000