000000000000000000000000
000000000000000000000000
000000200000000000000000
000004420000000000000000
000066530000000000000000
000007640000000000000000
000007730000000000000000
000006531000000000000000
000006753100000000000000
000006553000000000000000
000006363000000000000000
000074351000000000000000
000055531000000000000000
000065631000000000000000
000073641000000000000000
000012641000000000000000
000002742000000000000000
000002742000000000000000
000003342000000000000000
000004342000000000000000
000054453000000000000000
000059553000000000000000
000058553000000000000000
000095853000000000000000