000000000000000000000000
000000000000000000000000
000000010000000000000000
000005530000000000000000
000007640000000000000000
000008751000000000000000
000006841000000000000000
000005642000000000000000
000005864200000000000000
000005464100000000000000
000005274100000000000000
000003262000000000000000
000004642000000000000000
000054742000000000000000
000062752000000000000000
000021752000000000000000
000001853000000000000000
000001853000000000000000
000002253000000000000000
000003253000000000000000
000003364100000000000000
000048464100000000000000
000049464100000000000000
000096964100000000000000