000000000000000000000000
000000000000000000000000
000000000320000000000000
000000007532000000000000
000000007531000000000000
000000008531000000000000
000000000532000000000000
000000000653100000000000
000000000964210000000000
000000008853200000000000
000000008853100000000000
000000009753100000000000
000000009742000000000000
000000089742100000000000
000000079742100000000000
000000000742000000000000
000000000742000000000000
000000000752000000000000
000000009753100000000000
000000009753100000000000
000000008853100000000000
000000008853100000000000
000000008853100000000000
000000008853100000000000