000000000000000000000000
000000000000000000000000
000000000002000000000000
000000000754100000000000
000000000753200000000000
000000000753200000000000
000000000054200000000000
000000000075310000000000
000000000086431000000000
000000000975420000000000
000000000075320000000000
000000000975310000000000
000000000964200000000000
000000000964300000000000
000000000964300000000000
000000000964200000000000
000000000964200000000000
000000000974200000000000
000000000975300000000000
000000000975300000000000
000000000975300000000000
000000000975310000000000
000000000975310000000000
000000000975310000000000