000000000000000000000000
000000000000000000000000
000000000003100000000000
000000000065200000000000
000000000864310000000000
000000000064300000000000
000000000065300000000000
000000000086420000000000
000000000097542000000000
000000000086531000000000
000000000086430000000000
000000000086420000000000
000000000075310000000000
000000000075400000000000
000000000075400000000000
000000000075300000000000
000000000075300000000000
000000000985300000000000
000000000986410000000000
000000000986410000000000
000000000886410000000000
000000000886420000000000
000000000886420000000000
000000000886420000000000