000000000000000000000000
000000000000000000000000
000000000000000000000000
000000000008530000000000
000000000007642000000000
000000000007631000000000
000000000008620000000000
000000000009753000000000
000000000009875200000000
000000000009864100000000
000000000009763000000000
000000000009752000000000
000000000008621000000000
000000000098721000000000
000000000098720000000000
000000000098620000000000
000000000098630000000000
000000000088630000000000
000000000089741000000000
000000000089741000000000
000000000089742000000000
000000000089752000000000
000000000089752000000000
000000000089753000000000