000000000000000000000000
000000000000000000000000
000000000000000000000000
000000000009641000000000
000000000008753000000000
000000000008742000000000
000000000009730000000000
000000000009864000000000
000000000008986300000000
000000000009975200000000
000000000009874100000000
000000000009863100000000
000000000009732100000000
000000000009832000000000
000000000009830000000000
000000000009730000000000
000000000009740000000000
000000000009741000000000
000000000079852000000000
000000000079852000000000
000000000079853000000000
000000000079863000000000
000000000079863100000000
000000000079864100000000