000000000000000000000000
000000000000000000000000
000000000000022000000000
000000000001896000000000
000000000000798300000000
000000000000797400000000
000000000000785000000000
000000000000689300000000
000000000001568820000000
000000000001579700000000
000000000001679600000000
000000000000688650000000
000000000001787000000000
000000000001687200000000
000000000001684000000000
000000000000785000000000
000000000000795000000000
000000000000796200000000
000000000000697300000000
000000000004697400000000
000000000004698500000000
000000000004688500000000
000000000004688600000000
000000000004689600000000