000000000000000000000000
000000000000000000000000
000000000000011000000000
000000000004579000000000
000000000003468600000000
000000000003479700000000
000000000000488000000000
000000000000357000000000
000000001234235810000000
000000001234246930000000
000000000124347910000000
000000000002358980000000
000000000004489220000000
000000000004389100000000
000000000004387200000000
000000000003488200000000
000000000003478300000000
000000000002479500000000
000000000000369600000000
000000000000369700000000
000000000000368800000000
000000000000358800000000
000000000001358910000000
000000000001357910000000