000000000000000000000000
000000000000000000000000
000000000000022000000000
000000000005469100000000
000000000004357700000000
000000000004368800000000
000000000000379100000000
000000000000246100000000
000000002345124720000000
000000012345135840000000
000000011235236920000000
000000000003247990000000
000000000000378330000000
000000000005278200000000
000000000000278300000000
000000000000379300000000
000000000000369400000000
000000000000369600000000
000000000000258700000000
000000000000258810000000
000000000000257910000000
000000000000247910000000
000000000000247920000000
000000000001246920000000