000000000000000000000000
000000000000001000000000
000000000000029400000000
000000000000222820000000
000000000002531550000000
000000000002521440000000
000000000000513800000000
000000000000242800000000
000000000000764190000000
000012300017753187000000
000001388997652295000000
000002477555641234000000
000002310003511990000000
000000000002611964000000
000000000002114960000000
000000000002113960000000
000000000000123860000000
000000000000222670000000
000000000000231570000000
000000000000231480000000
000000000000631380000000
000000000000641380000000
000000000001641290000000
000000000002642290000000