000000000000000000000000
000000000000000000000000
000000000000005000000000
000000000000074600000000
000000000000986130000000
000000000000975230000000
000000000002963640000000
000000000000797640000000
000000000000089650000000
000000000000098531000000
000000000000097459000000
000000000000896439000000
000000000338965443000000
000000000211865589000000
000000000110662484000000
000000000000663483000000
000000000000673383100000
000000000000774173100000
000000000000785173100000
000000000000785263200000
000000000000886363200000
000000000000896362100000
000000000000896451000000
000000000000897410000000