000000000000000000000000
000000000000000000000000
000000000000004100000000
000000000000185510000000
000000000000897240000000
000000000000886340000000
000000000003874550000000
000000000000898551000000
000000000000079741000000
000000000000089622000000
000000000000088548000000
000000000000797549000000
000000000000876334000000
000000000022776479000000
000000000021773375100000
000000000011774374100000
000000000000784274200000
000000000000885164200000
000000000001896264200000
000000000001896354300000
000000000000797454300000
000000000000797453200000
000000000000797542100000
000000000000798520000000