000000000000000000000000
000000000000000000000000
000000000000013200000000
000000000000296420000000
000000000000798350000000
000000000000797451000000
000000000004785461000000
000000000000989462000000
000000000000068832000000
000000000000079713000000
000000000000079637000000
000000000000088658000000
000000000000787225000000
000000000000687368000000
000000000002884266200000
000000000002885265200000
000000000011895165300000
000000000011996255300000
000000000002997355300000
000000000002997445400000
000000000000698545400000
000000000000688544300000
000000000000688633200000
000000000000689631100000