000000000000000000000000
000000000000000000000000
000000000000000000000000
000000000000027380000000
000000000000135986000000
000000000000246987000000
000000000000258377000000
000000000001424378000000
000000000000112548000000
000000000000013669000000
000000000000014741000000
000000000000025782000000
000000000000056558000000
000000000000056412100000
000000000000259517800000
000000000000458518800000
000000000000548618900000
000000000001447828900000
000000000001436928900000
000000000002436938900000
000000000002135838900000
000000000012125839900000
000000000013125749800000
000000000010124797100000