000000000000000000000000
000000000000000000000000
000000000000000000000000
000000000000045500000000
000000000000313860000000
000000000000424760000000
000000000000436559000000
000000000003212559000000
000000000000331369000000
000000000000021488000000
000000000000022562000000
000000000000013561000000
000000000000034776000000
000000000000034631000000
000000000000437735900000
000000000000636736900000
000000000001326836800000
000000000003225946800000
000000000013214846810000
000000000124214756710000
000000000124313656700000
000000000134313657800000
000000000035313568900000
000000000000312589300000