000000000000000000000000
000000000000000000000000
000000000000001100000000
000000000000091320000000
000000000000053312000000
000000000000942213000000
000000000000931913000000
000000000000464914000000
000000000000086384000000
000000000000075263000000
000000000000074187000000
000000000000063116000000
000000000011232771000000
000000011122532886000000
000000012234932781000000
000000122340831781000000
000000123000341681000000
000000030000441491000000
000000000001352391000000
000000000000352291000000
000000000000853191000000
000000000000063192000000
000000000000063183000000
000000000000864135000000