000000000000000000000000
000000000000000000000000
000000000000000000000000
000000000000004650000000
000000000000086135000000
000000000000075236200000
000000000000763646200000
000000000000097641200000
000000000000089651200000
000000000000008531100000
000000011110007459100000
000000122233396439000000
000000003344565443000000
000000004455865589000000
000000005000062484000000
000000000000063483000000
000000000000673383000000
000000000000774173000000
000000000000085173000000
000000000000085263000000
000000000000186363000000
000000000000096361000000
000000000000096451000000
000000000000097412000000