000000000000000000000000
000000000000000001000000
000000000100000043200000
000000000100000785410000
000000000210007798530000
000000000210008897840000
000000000032009197851000
000000000043206196841000
000000000554304726830000
000000000665445847740000
000000000001666923730000
000000000000047994620000
000000000000078339620000
000000000000078224620000
000000000000378329630000
000000000000679329630000
000000000000769429640000
000000000000669619641000
000000000000458719642000
000000000000558819642000
000000000000757919542000
000000000000647917543000
000000000000647927542000
000000000000546975542000