000000000000000000000000
000000000000000000100000
000000000000000016510000
000000000000000158741000
000000000000004975862000
000000000000015874873100
000000000000012464884000
000000000000001469874100
000000000000001459863100
000000000001000579973100
000000000034000651962100
000000000023000671952100
000000000022005667952100
000000000022205521952100
000000000002648626962110
000000000011947627962110
000000000011437727972110
000000000001336937974110
000000000000725937975210
000000000000825847975210
000000000000924747875210
000000000000914749876211
000000000001914659875311
000000000010813698875311