000000000000000000110000
000000000000000011211000
000000000000000127621100
000000000000000249852100
000000000000003864973100
000000000000024763784200
000000000000023553795100
000000000000012559785210
000000000000002369774210
000000000000000488884210
000000000000000562873210
000000000000000561963211
000000000003110776963211
000000000003300631963211
000000000003700735973221
000000000002906736973221
000000000002326836983221
000000000002225946985221
000000000001814846986321
000000000001914756986321
000000000001813656986321
000000000000913658987322
000000000000013568986422
000000000000012589986422