000000000000000003443322
000000000000000044544332
000000000000000059954433
000000000000000517885433
000000000000000531796433
000000000000051431487533
000000000000056821478433
000000000000115826488543
000000000000012196497543
000000000000001185587543
000000000000000295596543
000000000000000234696544
000000000100000993696544
000000001100000914696544
000000011200000911696554
000000011200000960696554
000000001230000863686554
000000001230000673688554
000000001230001573689654
000000000124701483689654
000000000124531383789654
000000000013641385789655
000000000013341295789755
000000000023342257789755