000000000000000000554430
000000000000000055655443
000000000000000168965544
000000000000000616796544
000000000000000421687544
000000000000000322378644
000000000000067912369544
000000000000226915379654
000000000000123295388654
000000000000012174478654
000000010000001196487654
000000000000000125597655
000000001000000882597655
000000012200000925597655
000000022300000822587665
000000022300000871587665
000000002300000772577665
000000002340000582579665
000000002340002482579765
000000000235601392579765
000000000235442292679765
000000000024552294678766
000000000024452194679866
000000000034453146679866