000000000000000023887760
000000000000000288988770
000000000000001495698877
000000000000002943479877
000000000000002124359877
000000000000023125148977
000000000001299735137877
000000000001559732147987
000000000000456562158987
000000000000045441148987
000000000002004369159987
000000000002002328269988
000000000320001552269988
000000005520001658269988
000000005630001555259998
000000005630001594259998
000000005630001492249998
000000001670001282247998
000000000672005182246998
000000000568324172246998
000000000068175272346998
000000000057285271345999
000000000057785361346899
000000000267786313346899