000000000000000000089000
000000000000000088788900
000000000000000772378890
000000000000000771147899
000000000000005357126899
000000000000056458415799
000000000000076468414899
000000000000887462414789
000000000000089832425789
000000000000008713315789
000000000000007637326789
000000000000005658236788
000000010000004225236788
000000038000004388236788
000000138000004288226778
000000128900004067226778
000000028900014065216778
000000014900024255214778
000000003990028355213678
000000001898157445213678
000000000398398545113678
000000000089288543112677
000000000089988633113577
000000000099989631113577