000000000000000000623654
000000000000000002122365
000000000000000005412236
000000000000000007631233
000000000000000086751233
000000000000000985962133
000000000000001375973233
000000000000001378963123
000000000000004548952123
000000000000000669962123
000000100000000041951123
000000010000000002841122
000000003000000008841122
000000035000000002841122
000000235600000002151112
000000225400000002151112
000000125400000008161112
000000023460000008863112
000000002430000008864112
000000001342000008864112
000000000242935838764112
000000000033825839765111
000000000013325749764211
000000000003324797764211