000000000000000000000899
000000000000000000000009
000000000000000000000008
000000000000000000000000
000000000000100000000000
000000000000100000000000
000000000000100000000000
000000000000100000000000
000000000000110000000000
000000000000110000000000
000000000000210000000000
000000000034330000000000
000000000544330000000000
000000001544433000000000
000000001154433000000000
000000001154433000000000
000000001154432000000000
000000000184332000000000
000000000135432000000000
000000000124533000000000
000000000024543200000000
000000000013641300000000
000000000001341220000000
000000000001342257000000