000000000000000000000000
000000000000000000000000
000000000000000000000000
000000000011000000000000
000000000011000000000000
000000000011000000000000
000000000011000000000000
000000000001100000000000
000000000001100000000000
000000000001100000000000
000000000001110000000000
000000000061110000000000
000000000877111000000000
000000004877711000000000
000000034487711000000000
000000034487711000000000
000000034487761000000000
000000003457661000000000
000000000468761000000000
000000000457861000000000
000000000357271000000000
000000000046374100000000
000000000034674210000000
000000000004675221000000