000000000000000000000000
000000000000000000000000
000000000000000000000000
000000000000000000000000
000000000000000000000000
000000000000000000000000
000000000000000000000000
000000000000000000000000
000000000000000000000000
000000001000000000000000
000000001100000000000000
000000000180001000000000
000000000082001300000000
000000000082240300000000
000000000188254300000000
000000000182284300000000
000000000882234320000000
000000000882334320000000
000000000181234330000000
000000000112135433000000
000000000011928544300000
000000000001825854433211
000000000000125785443332
000000000000014798544333