000000000000000000000001
000000000000000000000011
000000000000000000000001
000000000000000000000000
000000000000000000000000
000000000000000000000000
000000000000000000000000
000000000000000000000000
000000000000000000000000
000000000000000000000000
000000010000000000000000
000000011000000000000000
000000001100110000000000
000000001190050000000000
000000001299060000000011
000000001291175000000111
000000001991125000000111
000000001991225000001111
000000001291125000001111
000000001221126500011111
000000001122917655411111
000000000112914765544322
000000000001214676554443
000000000000123697655444