000000000000000233404500
000000000000012334455500
000000000000012333455550
000000000000012334555500
000000000000012344455500
000000000000023344440000
000000000000223334440000
000000000000122333440000
000000000000012233440000
000000000000012233440000
000000000000011233340000
000000000000000112000000
000000001000001233300000
000000012600012333440000
000000112735122335545000
000000126755549555555000
000001236555549555555661
000000300155449555556666
000000000006549555556011
000000000005648955560001
000000000001452899960000
000000000000052289990000
000000000000011128990000
000000000000012142800000