000000000000000000000000
000000000000000000000000
000000000002560000000000
000000000024567880000000
000000000024567890000000
000000000024578890000000
000000000125778880000000
000000000245677800000000
000000000034567000000000
000000000023567000000000
000000000023560000000000
000000000001340000000000
000120000123456000000010
000134000134567800001120
001245661281677800011223
012345678719994999222334
123001080119994909999886
000000000119994000208008
000000000258994900000000
000000000059893000000000
000000000026290000000000
000000000123590000000000
000000000134560000000000
000000000134567000000000