000000000000000000000000
000000000000000000000000
000000000000000000000000
000000000008000000000000
000000000068990700000000
000000000468987700000000
000000000569887700000000
000000000689988100000000
000000000478998000000000
000000000467991000000000
000000000267990000000000
000000000015710000000000
000000000067800000000000
024500000578998000000000
145680005675988000455000
456789984355561505666000
562243470555561345555400
200001000555661232342230
000000000694561000000134
000000000495463000000000
000000000469600000000000
000000000567950000000000
000000000578990000000000
000000000578990000000000