000000000000000000000000
000000000000000000000000
000000000000000000000000
000000000019100000000000
000000000079980600000000
000000000579976600000000
000000000679776600000000
000000000799877200000000
000000000589987000000000
000000000578980000000000
000000000378980000000000
000000000026820000000000
010000000178900000000000
035600000689987000000000
256790006766877000560000
567899873264452404777000
673354500664452454444300
300002000664552343453300
000000000793452000000240
000000000594354000000000
000000000578700000000000
000000000678940000000000
000000000689980000000000
000000001689980000000000