000000000000000000000000
000000000000000000000000
000000000000000000000000
000000000038310000000000
000000000298761400000000
000000000798754400000000
000000000897554400000000
000000002987655400000000
000000000798765000000000
000000000799760000000000
000000000599760000000000
000000000048900000000000
032000000399800000000000
157800001898765000020000
478980008948655000782000
789987651182234222999000
805576700882234672222100
000004000882334565675510
000000000971234000000461
000000000772136000000000
000000000796900000000000
000000000899720000000000
000000000898760000000000
000000003898760000000000