000000000000000000000000
000000000000000000000000
000000000000000000000000
000000000065600000000000
000000000575430100000000
000000000975421100000000
000000000874221100000000
000000005754322700000000
000000001965432000000000
000000000976431000000000
000000000876430000000000
000000000078610000000000
060000000076500000000000
089800004865430000050000
798750008718322000985000
987654323482217252777000
108899903882217992222300
000007000882117818911840
000000000743217000000794
000000000942319000000000
000000000973700000000000
000000000876400000000000
000000000865430000000000
000000000865430000000000