000000000000000000000000
000000000000000000000000
000000000000000000000000
000000000022210000000000
000000000042111200000000
000000000642123300000000
000000000541223300000000
000000000421122900000000
000000000632112000000000
000000000643114000000000
000000000843111000000000
000000000005300000000000
003100000143210000000000
086510000532112000082000
965421005435122100658100
654321126755549585444210
400067630555549765555620
000000000555449000000871
000000000416549000000000
000000000615647000000000
000000000041420000000000
000000000543130000000000
000000000032110000000000
000000000532111000000000