000000000000000000000000
000000000000000000000000
000000000000000000000000
000000000031320100000000
000000000131122300000000
000000000531134400000000
000000000431334400000000
000000000311233000000000
000000000521123000000000
000000000532125000000000
000000000032122000000000
000000000004200000000000
004200000232121000000000
005420000421123000093100
054312004344233200549200
543211237846658696333320
510056540446658056666731
000000000446558000000082
000000000317658000000000
000000000516756000000000
000000000032330000000000
000000000032141000000000
000000000021121000000000
000000000421122000000000