000000000000000000000000
000000000000000000000000
000000000000000000000000
000000000000000000000000
000000000024566700000000
000000000124578800000000
000000000125778800000000
000000000245677000000000
000000000134567000000000
000000000323569000000000
000000000023566000000000
000000000031330000000000
000040000003400000000000
000164000034567000001500
000246100281677600016640
002345678719994969222761
953222184119994419999875
001000032119994003200006
000000000258994000000000
000000000159892000000000
000000000026272000000000
000000000023585000000000
000000000034565000000000
000000000034566000000000