000000000000000000000000
000000000000000000000000
000000000000000000000000
000000000000100000000000
000000000035677800000000
000000000135689900000000
000000000236889900000000
000000000356788000000000
000000000145678000000000
000000000434679000000000
000000000034677000000000
000000000042440000000000
000050000004510000000000
000275000045678000002610
000357200392788700025750
003456787628893858333872
964001195228893508888786
002000043228993000000007
000000000367893000000000
000000000168791000000000
000000000037383000000000
000000000034696000000000
000000000045676000000000
000000000045677000000000