000000000000000000000000
000000000000000000000000
000000000000000000000000
000000000000000000000000
000000000089877630000000
000000000089865540000000
000000000088665510000000
000000000098766200000000
000000000699876200000000
000000000189874000000000
000000000089877000000000
000000000027992000000000
000090000000960000000050
000079000099876000000860
000897700057766700001795
008998762173343313888677
489105659773343902322118
000000002273443300100001
000000000082343400000000
000000000683245400000000
000000000027868000000000
000000000089858000000000
000000000099878000000000
000000000099877000000000