000000000000000000000000
000000000001111000100000
000000000013332113200000
000000000056665365210000
000000000042111295310000
000000000142123386400000
000000002441223385200000
000000000621122900000000
000000000032112900000000
000000000043114500000000
000000010043111500000000
000000011000339200000000
000000321016260000000000
000000421532112000000000
000000534735122100000000
000001126755549500000015
000002632555549210000881
000001369955449946877766
000000035716549003555555
000000035615647000333433
000000005791420000010011
000000000543130000000000
000000000532110000000000
000000003632110000000000