000000000001222112220000
000000000003333222320000
000000000035554335421000
000000000078887587430000
000000000121233477530000
000000002321245568600000
000000000022445590000000
000000000012344821000000
000000000001234821000000
000000000001236720000000
000000000001233720000000
000000000001118000000000
000000000008142100000000
000000000001234210000000
000002356053344310000000
000003348937767710000000
000024451337767132010002
000003588837667768999988
000000007928767200077777
000000007427865000005655
000000000983241000002213
000000000021251000000000
000000000011231000000000
000000000811231000000000