000000000000000000085433
000000000000000000785433
000000000000000005685432
000000000000000023677443
000000000000000033575433
000000000000000542875432
000000000000065519875432
000000000000006289875432
000000000000000289986432
000000000000000089875442
000000000000000088775432
000000000000000008654353
000000000000000002543321
000001233210000000032210
000000454750000000042100
000000162174000098743100
000000030776100078973200
000000000073400342111403
000000000042343886533302
000000000003245875434452
000000000007869875332397
000000000000859874321127
000000000000230074321006
000000000000000076320000