000000000000000000006544
000000000000000000676544
000000000000000004576543
000000000000000012568554
000000000000000042486544
000000000000000451986543
000000000000004429986543
000000000000005378986543
000000000000000378997543
000000000000000079986553
000000000000000079886543
000000000000000009765464
000001111000000003654432
000002344320000000043320
000000543860000000053200
000000251185000089854200
000000000887200067984300
000000000082301431211504
000000000051234797622203
000000000002136986545343
000000000006958986443486
000000000000748985432238
000000000000000085432007
000000000000000087431000