000000000000000000000655
000000000000000000567655
000000000000000003467654
000000000000000011459665
000000000000000051397655
000000000000000361997654
000000000000003338997654
000000000000004467997654
000000000000000467898654
000000000000000068997664
000000000000000069997654
000000000000000009876575
000002222000000004765543
000003455430000000054431
000000632970000000064300
000000341296000079965300
000000000998300056895400
000000000091202521322605
000000000061125698711104
000000000001127997656234
000000000005947997554575
000000000000637996543349
000000000000000096543008
000000000000000098542000