000000000000000000000109
000000000000000000017899
000000000000000000217899
000000000000000005215889
000000000000000195357899
000000000000000386457899
000000000000000383457899
000000000000000012457899
000000000000000002346899
000000000000000013457889
000000000000000004557899
000012331000000004678979
000037777400000000789998
000008999980000000099986
000000834571000000089800
000000000758000024589800
000000000556801511359900
000000000055437946877809
000000000006549146755509
000000000005647457898439
000000000000000057999921
000000000000000058998895
000000000000000058998006
000000000000000056997000