000000000000000000011218
000000000000000000116788
000000000000000000316789
000000000000000116324778
000000000000000286446788
000000000000000477346789
000000000000000092346789
000000000000000011346789
000000000000000001235789
000000000000000002346779
000000100000000003446789
000023442000000003567868
000008888500000000078899
000009988990000000089997
000000745462000001179900
000000000847100113478900
000000000045912621248900
000000000046548857988700
000000000007658135666619
000000000000756346787549
000000000000000046889812
000000000000000047899004
000000000000000047899000
000000000000000045898000