000000000000222222202111
000000000033332222222021
000000000133333322222202
000000000011330032222222
000000000000000003322222
000000000000000000032222
000000000000000000003222
000000000000000000000022
000000000000000000000000
000000000000000000000000
000000000000000000000000
000000000000000000000000
000000000000000000000000
000000000000000000000000
000000000000000000000000
000000000000000000000000
000000000000000000000000
000000000000000000000000
000000000000000000000000
000000000000000000000000
000000000030000000000000
000000123332200000000000
000000123332100000000000
000000012221000000000000