000000002333000000000000
000000004444440000000000
000000004555554300000000
000000000666665510000000
000000000666666100000000
000000000777776010000000
000000000377771000000000
000000000188800000000000
000000000001100000000000
000000000000000000000000
000000000000000000000000
000000000000000000000000
000000000000000000000000
000000000000000000000000
000000000000000000000000
000000000000000000000000
000000000000000000000000
000000000000000000000000
000000000000000000000000
000000000000000000000000
000000000000000000000000
000000000000000000000000
000000000000000000000000
000000000000000000000000