000000000000000000000000
000000005550000000000000
000000005666660000000000
000000001777776000000000
000000001777777210000000
000000000888887100000000
000000000488882000000000
000000000299911100000000
000000000112200000000000
000000000001100000000000
000000000000000000000000
000000000000000000000000
000000000000000000000000
000000000000000000000000
000000000000000000000000
000000000000000000000000
000000000000000000000000
000000000000000000000000
000000000000000000000000
000000000000000000000000
000000000000000000000000
000000000000000000000000
000000000000000000000000
000000000000000000000000