000000000000000000000000
000000000000000000000000
000000000000000000000000
000000000000000000000000
000000000000000000000000
000000000000000000000000
000000000000000000000000
000000000000000000000000
000000000000000000000000
000000001300000000000000
000000001333000000000000
000000001223322000000000
000000001222222200000000
000000000222211110000000
000000000112211100000000
000000000111111110000000
000000000111110000000000
000000000011100000000000
000000000000000000000000
000000000000000000000000
000000000000000000000000
000000000000000000000000
000000000000000000000000
000000000000000000000000