000000000000000000000000
000000000000000000000000
000000000000000000000000
000000000000000000000000
000000000000000000000000
000000000000000000000000
000000000000000000000000
000000000000000000000000
000000000000000000000000
000000000000000000000000
000000000000000000000000
000000000000000000000000
000000000000000000000000
000000001333000000000000
000000001223320000000000
000000001222222000000000
000000001222221110000000
000000000122211110000000
000000000111111100000000
000000000111111110000000
000000000111100000000000
000000000011100000000000
000000000000000000000000
000000000000000000000000