222222222222222222222222
222222222222222222222222
222222222222222222222222
222222222222222222222222
222222222222222222222222
222222222222222222222222
222222222222222222222222
222222222222222222222222
222222222222222222222222
222222222222222222222222
222222222222222222222222
222222222222222222222222
222222222222222222222222
222222223555222222222222
222222220045542222222222
222222200001044222222222
222222200001000332222222
222222200000000032222222
222222220000000002222222
222222220000000000022222
222222222000000002022222
222222222000000001022222
222222220000000202222222
222222222000022222222222