777777777777777777777777
777777777777777777777777
777777777777777777777777
777777777777777777777777
777777777777777777777777
777777777777777777777777
777777777777777777777777
777777777777777777777777
777777777777777777777777
777777777777777777777777
777777777777777777777777
777777707777777777777777
777777701777777777777777
777777001929777777777777
777777012299200777777777
777777123336200077777777
777777024420200087777777
777777004420322437777777
777777700030000410077777
777777770001003000077777
777777770001000000007777
777777770002000000007777
777777770000000030007777
777777777000037777777777