999999999999999999999999
999999999999999999999999
999999999999999999999999
999999999999999999999999
999999999999999999999999
999999999999999999999999
999999999999999999999999
999999999999999999999999
999990099999999999999999
999990009999999999999999
999999119999999999999999
999999119999999999999999
999999113999999999999999
999999223747909999999999
999991234487400999999999
999990345558410099999999
999990046642022199999999
999999006642044659009999
999999000052000600099999
999999990003005200099999
999999990003000000009999
999999990000000000000999
999999990000100002009999
999999999000259999999999