444444444444444444444444
444444444444444444444444
444444444444444444444444
423034444444444444444444
410022444444444444444444
440034544444444444444444
444433544444444444444444
444444554444444444444444
444444644444444444444444
444446664444444444444444
444444774444444444444444
444444774444444444444444
444444779444444444444444
444444889191462144444444
444247899921964004444444
444136998885976540444444
444102197798631734414444
444400117798511083211444
444440000188510064200004
444444000009100051104444
444444400009400021004444
444444440001620004000444
444444441000051008000044
444444444000084004400044