111111111111111111111111
111111111111111111111111
111111111111111111111111
156321111111111111111111
143211111111111111111111
113311000111111111111111
111166000111111111111111
111177001111111111111111
111117911111111111111111
111119991111111111111111
111111991111111111111111
111111991111111111111111
111111997111111111111111
111111887363195411111111
111579876623697331111111
111469765552699813111111
111435464468964912141111
111133444468844356144111
111113333458843397513331
111111232337433384431111
111111222227733222331022
111111122222953222332002
111111111221284221332211
111111111111111231111211