222222222222222222222222
222222222222222222222222
222222222222222222222222
278542222222222222222222
265433222222222222222222
225533211222222222222222
222288210122222222222222
222299210022222222222222
222229810002222222222222
222228881002222222222222
222222771002222222222222
222222772202222222222222
222222775222222222222222
222222665545287622222222
222797654445489552222222
222688543331478925222222
222657642246886734262222
222255662246966538366222
222225555636965589735552
222222454555655596653222
222222444445955444552244
222222244444875444554224
222222223443496443554422
222222223333332453333421