333333333333333333333333
333333333333333333333333
333333333333333333333333
389653333333333333333333
376544333333333333333333
336644322333333333333333
333399321233333333333333
333399321133333333333333
333339721113333333333333
333337772013333333333333
333333662003333333333333
333333663300033333333333
333333664333333333333333
333333554636378733333333
333896543356379663333333
333797432222367836333333
333768731135797645373333
333366771135877629477333
333336666725876679846663
333333565664766687764333
333333555554966555663355
333333355555786555665335
333333334554587554665533
333333334444443564444532