666666666666666666666666
666666666666666666666666
666666666666666666666666
687986666666666666666666
699877666666666666666666
669977655666666666666666
666677654566666666666666
666666654466666666666666
666666454446666666666666
666664445346666666666666
666666335336066666666666
666666336633066666666666
666666331222066666666666
666666221911048966666666
666863211110046996666666
666974112225134569666666
666998913312479378696666
666699993312599927799666
666669999922599946879996
666666898991999959997666
666666888881699888996688
666666688888489888998668
666666667887859887998866
666666667777776897777865