999999999999999999999999
999999999999999999999999
999999999999999999999999
954789999999999999999999
967899999999999999999999
997799988999999999999999
999944987899999999999999
999933987799999999999999
999993187779909999999999
999991118679009999999999
999999118660000999999999
999999119960000999999999
999999113510001999999999
999999223700115699999999
999531234403213779999999
999641345558411297999999
999675646642146198969999
999977666642266754966999
999997777652267713597779
999999878773677726679999
999999888883377888779988
999999988888157888778998
999999999889826889778899
999999999999999879999898