666666666666666666666666
666666666666666666666666
666666666666666666666666
611346666666666666666666
623455666666666666666666
663355677666666666666666
666611678766666666666666
666622678866666666666666
666662478822346666666666
666664447111236666666666
666666557100034666666666
666666556000000066666666
666666550000005666666666
666666667300011266666666
666125678843222336666666
666214789993824363666666
666231289986412554626666
666633229986322391522666
666663333296323342153336
666666434337233332235666
666666444447233444336644
666666644444413444334664
666666665445432445334466
666666665555556435555467