444444444444444444444444
444444444444444444444444
444444444444444444444444
423124444444444444444444
411233444444444444444444
441133455444444444444444
444433456544444444444444
444444456644044444444444
444444656644061444444444
444446665333011444444444
444444775320016444444444
444444774210002244444444
444444772200007444444444
444444889100003144444444
444247899110044114444444
444136998880946541444444
444112197708631732414444
444411117798511183311444
444441111188511164231114
444444212119111151113444
444444222229411222114422
444444422222621222112442
444444443223251223112244
444444443333334213333245