333333333333333333333333
333333333333333333333333
333333333333333333333333
389653333333333333333333
376544333333333333333333
336644322330333333333333
333399321230333333333333
333399321150631333333333
333339721150617333333333
333337774400017233333333
333333662900012233333333
333333663800018833333333
333333633800003333333333
333333554600049733333333
333896543270044663333333
333797432226094836333333
333768731115507645373333
333366771115807629477333
333336666725876679846663
333333565664766687764333
333333555554966555663355
333333355555786555665335
333333334554587554665533
333333334444443564444532