888888888888888888888888
888888888888888888888888
888888888888888888888888
865898888888888888888888
878999888888188888888888
888899877085188888888888
888855876085188288888888
888844876405186288888888
888884276405162888888888
888882229940002788888888
888888133510007788888888
888888118300000338888888
888888188300000888888888
888888112210004788888888
888641122720004488888888
888752237411049488888888
888786735511057199878888
888888775161057845977888
888888888141078824698888
888888989882788837789888
888888999992488999888899
888888899999268999889889
888888889999937999889988
888888889999998989999987