999999999999999999999999
999999999999999999999999
999999999999999999999999
943679999999999999999999
956788999999399999999999
996688999297399999999999
999933998297399499999999
999922998627398499999999
999992118627384999999999
999991111100004999999999
999999255100000999999999
999999229000000559999999
999999000000000000999999
999999034410006599999999
999422344942211669999999
999531459633221196999999
999564557733275187959999
999966557383275663855999
999996666363256612486669
999999767664566615568999
999999777774266777669977
999999977777146777667997
999999998778715778667799
999999998888889768888799