888888888888888888888888
888888888888888888888888
888888888888888888888888
832568888888888888888888
845677888888488888888888
885577899388488888888888
888822899388488588888888
888811899738489508888888
888881229730095008888888
888882222200000088888888
888888366200001988888888
888888338000001668888888
888888111000001111888888
888888145500017488888888
888313455003022758888888
888422569044312285888888
888453460844384276848888
888855440494384572744888
888885555474345521375558
888888656555455514457888
888888666665155666558866
888888866666235666556886
888888887667614667556688
888888887777778657777689