333333333333333333333333
333333333333333333333333
333333333300033333333333
334113333000004333333333
321122233000004333333333
331122224000003333333333
333344222000000930003333
333355342200000000011133
333335771100000011111333
333337710000001133333333
333311110000002433333333
331111800000002223333333
333133600000000222222333
333333001000000133222333
333358091100000013333333
333240011100000001333333
333200281000000001323333
333001220000000004222333
330331110000000005321113
333333110000000062212333
333333110000000011113311
333333311000000111111331
333333332100002112111133
333333332220023112222134