111111111111111111111111
111111111111111111111111
111111111511111111111111
156321111100016111111111
143214411000026111111111
113314442000011111111111
111166444000012712221111
111177124000002222233311
111117993000011113333111
111119932200011111111111
111133332100004211111111
113333922100004441111111
111311822000000044444111
111111223000000011444111
111579271100002231111111
111462231100002223111111
111422461100001222141111
111223411000001126144111
112113111000001117513331
111111112000000114431111
111111110000000112331122
111111121100000012332112
111111111100000011332211
111111111000000001111212