333333333333333333333333
333333333333333333333333
333333333844433333333333
389653333433349333333333
376547733333359333333333
336647772322243333333333
333399777210045435553333
333399327300035555566633
333339776300044446666333
333337765500044444333333
333366665400037233333333
336666655400037773333333
333633855300033377777333
333333556300023333777333
333896544400005563333333
333795564400002556333333
333755734400002555373333
333556744320000459477333
335336444200000049846663
333333445200001047764333
333333443200003045663355
333334354400003145665335
333333332400003344665533
333333331000002334444532