444444444444444444444444
444444444444444444444444
444444444955544444444444
499764444544459444444444
487658844444469444444444
447758883433354444444444
444499888320056346664444
444488438400046666677744
444448667400055557777444
444446676600055555444444
444477776500048344444444
447777566500048884444444
444744766400044488888444
444444667400034444888444
444985635500006674444444
444896675500003667444444
444866825500003666484444
444667855430000569588444
446447555300000058957774
444444556300002058875444
444444554300004056774466
444445465500004256776446
444444443500004455776644
444444442100003445555643