888888888888888888888888
888888888888888888888888
888888888699988888888888
865898888988895888888888
878997788888895888888888
888897777877798888888888
888855777700099289998888
888844877800089999988888
888884228100099998888888
888882289900099999888888
888888889100087788888888
888888199900087778888888
888888399800088877777888
888888998800000888777888
888641929900000988888888
888759989940000998888888
888799739940000199878888
888998799870000295977888
889888999000000294698888
888888999000000397789888
888888998000001499888899
888889899900008699889889
888888887000008899889988
888888886000000889999987