999999999999999999999999
999999999999999999999999
999999999599999999999999
954789999999994999999999
967896699999984999999999
997796668988899999999999
999944666800098398889999
999933986900098888877799
999993117200099997777999
999991178800099999999999
999977778200096899999999
997777188900096669999999
999799288000099966666999
999999887000001999666999
999531839900001879999999
999648879950000887999999
999688649950000288969999
999887699980000384966999
998997999000000393597779
999999998000001496679999
999999999100002598779988
999999989900009798778998
999999998000000999778899
999999997000000999999898