999999999999999999999999
999999999999999999999999
999999999488899999999999
943679999899983999999999
956785599999973999999999
996685559999989999999999
999933555910087497779999
999922995900097777766699
999992116300088886666999
999991167700088888999999
999966667300095999999999
996666277800095559999999
999699170000009955555999
999999770000002999555999
999422748800000769999999
999537768860000776999999
999577558860000077959999
999776588000000473855999
997996888000000482486669
999999887000002585568999
999999889200003687669977
999998978800009887667997
999999999000001988667799
999999998000000998888799