888888888888888888888888
888888888888888888888888
888888888377788888888888
832568888788872888888888
845674488888862888888888
885574449899978888888888
888822444921176586668888
888811894800086666655588
888881225400007775555888
888882256600007777888888
888855556400004988888888
885555366700084448888888
888588160000008844444888
888888600000000888444888
888313657700000658888888
888426657700000665888888
888466467770000166848888
888665477000000562744888
886885777100000571375558
888888776100003674457888
888888778300004776558866
888887867000008976556886
888888889000002877556688
888888889000000887777689