777777777777777777777777
777777777777777777777777
777777777266677777777777
721457777677761777777777
734563377777751777777777
774463338788867777777777
777711333832265675557777
777711783700005555544477
777771334500006664444777
777773345500006666777777
777744445500003877777777
774444455610073337777777
777477250000007733333777
777777500000000777333777
777214566000000547777777
777315546600001554777777
777355376600001255737777
777554366100001651633777
775774666200000661264447
777777665200000763346777
777777667400005865447755
777776756000007965445775
777777778000003766445577
777777779000000776666578