555555555555555555555555
555555555555555555555555
555555555144455555555555
512235555455542555555555
512341155555532555555555
552241116566645555555555
555522111650043853335555
555533561510003333322255
555553552710004442222555
555555523310004444555555
555522223720001655555555
552222633430001115555555
555255430000005511111555
555555310000000555111555
555136380000001325555555
555123324400003332555555
555133194400023433515555
555332140000023832411555
553552444400000843142225
555555443400000941124555
555555445000000943225533
555554534000005743223553
555555556000000544223355
555555550000000554444356