333333333333333333333333
333333333333333333333333
333333333322233333333333
334113333233324333333333
321122233333314333333333
331122224344023333333333
333344222470001931113333
333355342330001111111133
333335771930000221111333
333337711130002222333333
333311111940002433333333
331111811250002223333333
333133612000003322222333
333333131000002333222333
333358190000013113333333
333241100000025111333333
333211281100045611323333
333111222200005914222333
331331222600000925321113
333333221600000822212333
333333223000002721113311
333332312000003521111331
333333334000001322111133
333333331000000332222134