222222222222222222222222
222222222222222222222222
222222222411122222222222
245212222122215222222222
232113322222215222222222
222213333230012222222222
222255333380001821112222
222266233240000111122222
222226882940000112222222
222228821140001111222222
222222221951003322222222
222222911000003332222222
222222713000002233333222
222222140000013222333222
222469000000024122222222
222351111100036112222222
222311372200056711232222
222112313300006815133222
221222111700000816412222
222222111000000713321222
222222112000003611222211
222221211000002411221221
222222223000002211221122
222222222000000221111123