222222222222222222222222
222222222222222222222222
222222222733322222222222
278542222322238222222222
265436622222048222222222
225536661210002222222222
222288666180004524442222
222299216270000444455522
222229885670000335555222
222228054470003333222222
222250000000006122222222
225555100000026662222222
222522921000032266666222
222222222000046222666222
222797333000057452222222
222684444400069445222222
222644645500089944262222
222445636600009548366222
224225333900001539735552
222222334000002436653222
222222332000006334552244
222223243000002134554224
222222221000005233554422
222222225000003223333421