444444444444444444444444
444444444444444444444444
444444444955544444444444
499764444544459444444444
487658844444069444444444
447758883431004444444444
444499888360000346664444
444480438490000666677744
444440007490000557777444
444411000090000555444444
444472211000008344444444
447777322000048884444444
444744743000054488888444
444444444000068444888444
444985555200079674444444
444896666600088667444444
444866827700098766484444
444667858800008369588444
446447555700003358957774
444444556100004258875444
444444554000008156774466
444445465000004256776446
444444443000007455776644
444444447000000445555643