555555555555555555555555
555555555555555555555555
555555555966655555555555
598875555655568555555555
598769955555178555555555
558869994542005555555555
555580999450000257775555
555571049590000777788855
555551000390000668888555
555522100090000666555555
555583322000009455555555
558888433000009995555555
555855654000065599999555
555555550000079555999555
555974666300089785555555
555987777700097778555555
555977918800087677595555
555778969900007278699555
557558666600004267968885
555555667200005169986555
555555665100009167885577
555556576000005367887557
555555554000008566887755
555555558000000556666754