555555555555555555555555
555555555555555555555555
555555555144455555555555
512235555455542555555555
512341155550032555555555
552241726560005555555555
555529711600000853335555
555539812500000333322255
555559910310000442222555
555588900230000444555555
555527780110004655555555
552222670000001115555555
555255456000005511111555
555555551000001555111555
555136440000021325555555
555123333000013332555555
555133192200023433515555
555332141100013832411555
553552444400000843142225
555555443800000941124555
555555445000000943225533
555554534000000743223553
555555556000001544223355
555555552000000554444356