222222222222222222222222
222222222222222222222222
222222222733322222222222
278542220000038222222222
265436621000008222222222
225536680000000222222222
222284670000000524442222
222293570000000444455522
222223470000000335555222
222222366000000033222222
222251126700000120222222
225555116500006660022222
222522925200000210066222
222222223100000000066222
222797333100000000222222
222684443100000005222222
222644644200000004262222
222445636300000008366222
224225333310000009735552
222222334220000000653222
222222330010000000552244
222223240000000000554224
222222221000000003554422
222222225000000023333421