333333333333333333333333
333333333333333333333333
333333333844433333333333
389653331000009333333333
376547732000000333333333
336647591000000333333333
333393581000000030553333
333392481000000050066633
333332381000000040066333
333311277100000040033333
333361117800000030033333
336666217610000770003333
333633836310000020077333
333333334200000000077333
333896444200000000333333
333795554210000000333333
333755735310000005373333
333556747410000009477333
335336444420000000846663
333333445131000000064333
333333441020000000063355
333334351000000000665335
333333332000000000665533
333333336100000004444532