555555555555555555555555
555555555555555555555555
555555555966655555155555
598875553210000555155555
598769954210000055105555
558869383210000005105555
555581393200000002105555
555571293100000002108855
555551193200000002100555
555522199310000000100555
555583329921000002100555
558888439831000002100555
555855658532000002000555
555555556421000000000555
555974666421000000005555
555987776431000000055555
555977917531000000095555
555778969632000000099555
557558666642100000068885
555555667253100000006555
555555663242100000005577
555556573100000000007557
555555554210000000087755
555555558310000000666754