999999999999999999999999
999999999999999999939999
999999999599990999531999
954789997653000009591999
967896698653000000542999
997796247653000000042099
999944257643000000041099
999935357543000000042099
999995457643000000042009
999966566754300000041009
999977766565420000042009
997777876775420000542009
999799297976430000030009
999999999865400000000099
999531999865410000000099
999648889875420000000999
999688648975420000000999
999887696976430000006999
998997999986530000000779
999999998697542000000999
999999997683000000000088
999999987543000000000998
999999998653000000000899
999999997754200000009898