999999999999999999999999
999999999999999999949999
999999999488800099642999
943679998764000000692999
956785599764000000053999
996685338764000000053099
999935348754000000052099
999926448654000000053009
999996548754000000053009
999977655865400000052009
999968875476530000053009
996666985686530000653009
999699196987540000000009
999999998976510000000009
999422888976520000000099
999537778986530000000999
999577557986530000000999
999776585887540000000999
997996888897641000000669
999999887798653000000999
999999888794000000000077
999998978654000000000997
999999999764000000000799
999999996865300000008799