777777777777777777777777
777777777777777777767777
777777777266600007864777
721457779986200000074777
734563378986100000075707
774463519986200000075107
777717529976000000004107
777718629876100000005100
777778729976200000005100
777799833987620000074100
777749993298750000075100
774444893498750000075000
777477274799760000002000
777777776898730000000007
777214666898740000000077
777315556898750000000077
777355375798750000000777
777554363699761000000777
775774666689863000000447
777777665979875000000777
777777669986000000000055
777776759876000000000775
777777778986000000001577
777777774987500000006578