333333333333333333333333
333333333333333233393333
333333333322222222798333
334113335679222222238333
321122234679522222239233
331122945619111222239233
333348935611000022228223
333357935700000002229223
333337835600000001229223
333366722500000000238222
333315562300000000089223
331111452100000000039223
333133631356000000222223
111111332467000012222233
331111111111100001222233
333241111111100000122333
333211281111100000012333
333111222251110000000333
331331222246110000000013
333333221635210000000013
333333225649210000000011
333332315789211000000131
333333334679411000000133
333333331578911100000000