222222222222222222222222
222222222222224322282222
222222222411133333689222
245212224568333333329222
232113323568633333349342
222213954528222333349342
222257944522111100039334
222266844611110000009334
222226744511110000000334
222255633411110000000330
222224453411110000000000
222222343211110000000000
222222722245111000000004
222222221356111000000042
222222222222211100000042
222351222222211111000022
222311372222211111000002
222112313142221110000002
221222111135221110000000
222222111524321111000000
222222114538321111000000
222221214678322111000000
222222223568522111100000
222222222467922211110000