111111111111111111111111
111111111111116511161111
111111111622255555468111
167431112346555555518111
154325511346855555567561
114425772346444555567561
111175762344333322258511
111184662433332222227111
111114562333332222221111
111133455233332222221111
111142235633332222221111
114444125433332222221111
111411914123333222222111
044444112134333222222111
114444444444433322222111
111573444444433333222111
111533554444433333222221
111334525224443332222221
113114222213443332222222
111111223312543333222222
111111222316543333222222
111112132456544333222222
111111111346744333322222
111111114245744433332222