222222222222222222222222
222222222222227622252222
222222222733366666357222
278542221235666666627222
265436621235966666676672
225536681255555666676672
222284671255444433367622
222293571344443333336222
222223471244443333332222
222222366144443333332222
222251126744443333332222
225555116544443333332222
222522925212444333333222
100000023123444333333222
225555555555544433333222
222684555555544444333222
222644645555544444333332
222445636315554443333332
224225333312554443333333
222222334221654444333333
222222331215654444333333
222223241345655444333333
222222221235855444433333
222222225134655544443333