444444444444444444444444
444444444444449844434444
444444444955588888135444
499764442113888888845444
487658843113888888894894
447758492173777888894894
444492492177666655585844
444481392166665555554444
444441292166665555554444
444411188266665555554444
444472218966665555554444
447777328766665555554444
444744747421666555555444
322221000000666555555444
447777777777766655555444
444896777777766666555444
444866827777766666555554
444667858527776665555554
446447555531776665555555
444444556142876666555555
444444552133876666555555
444445462123877666555555
444444443113977666655555
444444447212477766665555