111111111111111111111110
111111111111116511161110
111111111622255555468110
167431112346555555518110
154325511346855555567500
114425772346444555567000
111175762344333322250000
111184662433332221117000
111114562333300011112000
111133455233000001211200
111142235600001000221100
114444120000001100231100
111400000011002100011114
000000110221000000001111
111002110021003000501121
111002100011002000500021
011001100011002200500100
010001100021003200000100
011001110021003201000000
111001110021103202000000
111002110221133215500000
111002110221133225500300
111002113221143225503300
111222113325443325504300