333333333333333333300000
333333333333338730000000
333333333844477770000000
389653331124777770000000
376547732124977770000000
336647591164666770000000
333393581166555500000000
333392481255554400000000
333332381155522200000000
333311270011122200100000
333361100002113200410000
336660001100211300413000
330000100110011122230000
000001100100011122200000
013001100100101112000000
011001100100100011000000
011001100100200100000000
011001100100200101000000
011001102210200000000000
011001132213300000000000
011204132443305107000000
313224132443305407000000
313224335443305407000000
333444335543665507000000