888888888888888888444455
888888888888886722333445
888888888699970000123444
865898886540000000023344
878997787540000000023344
888897156580000000023344
888853166580000000012344
888844266490000000002344
888884366590000000012344
888855445560000000023445
888802344550020000234455
880030234450134000234455
000130023440230000123445
030020002345500000012344
130020001354600000002344
030020030023000000000000
030030100200000000001202
134130200201300000001201
234536200201300000001201
234556680202300000001201
534759681902300000002302
868779687902000000002302
868779889998000000002334
888999889993000000002334