999999999999999999555566
999999999999995633444556
999999999599960000234555
954789997650000000034455
967896698650000000034455
997796247670000000034455
999944257670000000023455
999935357580000000013455
999995457680000000023455
999966556670000000034556
999903455660030000345566
990040345560245000345566
000240034550340000234556
040030013456600000023455
240030002465700000003455
040030040030000000000000
040040200300000000002303
245240300302400000002302
345647300302400000002302
345667790303400000002302
645869792903400000003403
979889798903000000003403
979889998999000000003445
999999998894000000003445