999999999999999999666677
999999999999994544555667
999999999488850000345666
943679998760000000045566
956785599760000000045566
996685338760000000045566
999935348760000000034566
999926448670000000024566
999996548770000000034566
999977667780000000045667
999904566770040000456677
990050456670356000456677
000350045660450000345667
050040024567700000034566
350040003576800000004566
050040150040000000000000
050050300400000000003404
356350400403500000003403
456758400403500000003403
456778890404500000003403
756978893804500000004504
989998899804000000004504
989998997889000000004556
999888997785000000004556