666666666666666666999999
666666666666661277888999
666666666155520000678999
611346668990000000078899
623452267990000000078899
663352618900000000078899
666618618930000000067899
666629718940000000057899
666669818940000000067899
666699999980000000078999
666007899990170000789999
660010789990689003789999
000680078990780000678999
080070007899900000067899
680070006899800000007899
080070480000000000000000
080380600703000000006707
689680700706000000006006
789988700706000000006006
789998861707800000006706
989795866507000000007807
686775867507000000007827
686775664556000000007889
666555664458000000007889