444444444444444444888877
444444444444442199999887
444444444233310000899888
423124446780000000299988
411231145780000000099988
441131836700000000099988
444439826710000000089988
444448926820000000079988
444448926720000000089988
444477887760000000099887
444009988770390000998877
440030998870898005998877
000890099880990000899887
090090009987700000089988
890090008978600000029988
090090690000000000000000
090590800905000000008009
898890900908000000008008
998796900908000000008008
998776643909000000008008
798573648309000000009919
464553645329000000009949
464553442334000000009998
444333442239000000009998