555555555555555555111122
555555555555550002111112
555555555966500000321111
598875553265000000021111
598769954265000000021111
558869383262000000021111
555581393240000000032111
555571293140000000022111
555551193254000000032111
555520112254300000821112
555004011254320008211122
000006401164312006211122
501400300116200000321112
500400003112200000032110
400405005021000000000000
400406202040000000005020
420416200050000000003000
411316261030000000003013
511213272030000000003033
211223353040000000003673
211426353640000000052192
535446354692000000072172
535446557665000000072111
555666557761000000072111