777777777777777777333344
777777777777770001222334
777777777788700000112333
776997775487000000212233
789988876487000000112233
779988165484000000112233
777762175460000000111233
777753175360000000041233
777773275476200000111233
777740334476500000912334
777006033476540009123344
000008603386520004123344
703602501338100000112334
700600000234400000211230
600607207043000000000020
600628404060000000007040
640628400070000000001010
623128183050000000001030
723425194050000000001051
123445575060000000001891
423648571860000000071281
757668576871000000091251
757668779887000000091223
777888779982000000091223