888888888888888888777788
888888888888800015666778
888888888377000001456777
832568889870000000656677
845674489870000000556677
885574429870000000556677
888826439800000000545677
888817539700000000185677
888887639889000000545677
888800778889900001556778
888000077889900035567788
000007017779900001567788
107006005777000001456770
804004000678000000645600
903908010080000000000100
902907010100000000030100
902967810000000000010000
967467570100000000010171
867869560100000000020194
567889989190000000044764
867987984790000000185645
898997989730000000165615
898997886770000000165667
888777886670000000165667