555555555555555555999988
555555555555122348999998
555555555100001234789999
512235557000000223989999
512341156000000123889999
552241727000000123889999
555529710000000123878999
555539810000000123488999
555559917800001223878999
555513998850001234289998
555230099850002362800081
332101009940001234000008
221001010990000000080000
110000030000000001010200
100030010200000002021210
000030210000000012121212
000694200100000012121223
009794802000000012123494
599897812100000012353477
899887757400000012377437
899684757000000012458918
575664750000000012438938
575664550100000012438999
555444550100000012438999