444444444444444444111111
444444444454999873222111
444444445420004987432111
499764445300000198232211
487658845200000028332211
447758495200000018332211
444492453000000098343211
444481396000000098713211
444441292400001008343211
444398111500002007732111
442134477530033107584819
220003844400003555520141
100020010000000343000023
000810007000000400012002
088800798000000400059700
888777996000000855555990
887775986000000899955998
877425366000000899555517
777126666000000895555524
721112666000000899845564
121366660000000899755553
424666660000000899555553
424336660000000095555551
444555470000000099763221