555555555555555555111122
555555555565988762111112
555555556530015876321111
598875556400001287121111
598769956300000037221111
558869386300000027221111
555581364000000087232111
555571297000000087622111
555551193500002007232111
555497112600003008821112
553245588640044208695929
330004955500004666600252
201000120000000454000034
001020008000000000100003
009910099000000500169000
999880897000000966666890
998886897000000998966887
988316277000000998666616
888217777000000996666633
811223777000000998736673
211477770000000998666662
535777770000000098666662
535447770000000096666661
555666580000000098672111