777777777777777777333344
777777777787766541222334
777777778752237654112333
776997778600003465212233
789988878000000055112233
779988168000000045112233
777762186000000065111233
777753179000000065441233
777773275700000025111233
777675334800005029912334
775467799860066029887847
550026877700006888800474
403100342000000676000056
010201009000000000000105
020800008000000000387010
088991000000000808888600
189998089000000876788665
899128199000000876888834
999429990100000878888851
923445000200000876518891
423690001200000076488881
757999012000000076888881
757669912000000078888883
777888112000000076491223