888888888888888888444455
888888888898655432333445
888888889863048543123444
865898889700004554323344
878997789000000064223344
888897159000000054223344
888853197000000054212344
888844269000000054352344
888884366800000034212344
888764445900006038823445
886578888970077038978756
660037788800007999900585
504200453000000787000067
020302000000000000000200
030700000000000000496020
077882000000000709999500
208889100000000765699550
788130290000000765999943
888530000200000769999961
834556001300000765419991
534791112000000065399992
868999123000000065999992
868779923000000069999994
888999223000000065392334