666666666666666666999999
666666666656111237888999
666666665600006123678999
611346665000000912878899
623452265000000082778899
663352615000000092778899
666618657000000012767899
666629714000000012397899
666669818600000082767899
666712999500053083378999
668976633570077083520291
880087266600007555505069
900700990000000060202007
070807010000000050202020
080303040000000030202010
012337050000000220555310
713335654000000211155140
233644740000000211555593
333983400700000215555586
389930006800000211265546
989700667500000011355557
686444678000000011555557
686774478000000015555559
666555778000000011347889