111111111111111111555544
111111111111566787666554
111111111100001678876555
156321111400000467676655
143214411000000037776655
113314861000000047776655
111166812000000067787655
111175752000000067847655
111115653100000067787655
111257554120008063376554
113421133120022063144445
330202411100002111110014
400010540000000213007002
000030202000000200730000
003050301000000203050400
064830402000000204011800
763331899000000406511695
433899720000000456111158
333468900700000451111138
365480008600000056781128
465200887900000056811117
131222876000000056111117
131222276000000051111115
111111776000000056827665