444444444444444444111111
444444444454999873222111
444444445400004987432111
499764445800000198232211
487658845000000028332211
447758495400000018332211
444492453000000098343211
444481396000000098713211
444441292400000028343211
444398111500007007732111
440134477530033027588819
220603844400003555550041
000000110000000647308123
010070606000000000800002
027090705000000607090020
098770806000000608055020
097775456000000839155960
877466360000000099555517
777127600300002000005524
721170004200004200045564
121300043500004322255553
424666432000000422255553
424336632000000435555551
444555332000000439763221