666666666666666666222233
666666666676877651111223
666666667600006765211222
687986667900000076111122
699879967000000046111122
669979277600000006111122
666671275000000076121122
666662188000000076531122
666662184600002006121122
666586223720005009911223
660056699750055019799938
402805966600005777770063
000100030000000869506305
030100808000000000000000
040280907000000809002040
079590908000000809077040
079997204000000907377740
999244180000000087777725
999315400100004002227742
912350002100006400027782
312510021300006540017771
646808211000000644407771
646558811000000657777772
666777111000000657581112