222222222222222222666655
222222222200055678777665
222222221000002567987666
245212221000000056787766
232113321000000006887766
222213951000000006887766
222257910000000056898766
222266841000000006758766
222226744200006006898766
222346665100017002287665
225932222130033072133354
400073322200003111110025
208004958000000122300503
003050000000000000060400
303050602000000302060405
004020601000000106060401
252220902000000207011593
322988810000000145111163
222577810000000036661149
276579500700002000691119
576300098900002340071118
242000987000000244001118
242331187000000231111116
222111887000000235718776