666666666666666666222233
666666666600007651111223
666666667000000765211222
687986667000000006111122
699879967000000006111122
669979277000000006111122
666671270000000076121122
666662188000000006531122
666662184000002006121122
666586223700085009911223
667256699750055419799938
400455966600005777771003
014008234000000869500300
009070000000000000060800
909070609000000909060807
708090608000000806060808
909990209000000905077739
999244180000000887777729
999315480000000062227742
912352700100006007627782
312500001300006500017771
646500011000000644008771
646008811000000657700772
666777111000000657581112