999999999999999999555566
999999999900004323444556
999999999000000432234555
954789999000000003434455
967896699000000003334455
997796249000000003334455
999944290000000003323455
999935358000000003263455
999995457000005003323455
999853556900082007734556
994289977980088747966665
700728699900008999994006
041015261000000897800620
006040000000000000030500
606040307000000607030504
905070308000000803030508
707770207000000702099416
677210380000000854999956
777642180000000095559972
745622400400009009329982
645803003100009800009993
979800034000000977008993
970008834000000989900995
999999334000000984283445