000000000004000000000000
000000000022223000000000
000000000022222000000000
000000000022222200000000
000000000222222220000000
000000003222222221000000
000000000222222220000000
000000000222222220000000
000000000022222220002200
021220000002220220022022
220202000002200322202023
320202022422225220202020
020202022222222320202000
000002022222222220200000
000001022222222120000000
000000022222222200000000
000000002222222200000000
000000002222222200000000
000000002222222200000000
000000022022222220000000
020200220722224222022020
062222200222222062222230
006622000222222000226300
000000000222222000000000