000000000003000000000000
000000000033334000000000
000000000033333000000000
000000000033333300000000
000000000333333331000000
000000002333333332000000
000000000333333330000000
000000000333333330000000
000000000033333330003300
030330000013330330033033
330303000003300433303034
430303033333334330303030
030303033333333430303000
000003033333333330300000
000002033333333230000000
000000033333333100000000
000000003333333300000000
000000003333333300000000
000000003333333300000000
000000033033333330000000
030300330833333333033030
053333300333333053333320
007733000333333000337200
000000000333333000000000