000000000002100000000000
000000000044445000000000
000000000044444000000000
000000000044444410000000
000000000444444442000000
000000001444444443000000
000000000444444440000000
000000000444444040000000
000000000044444040004400
040440000004440040044044
440404000004400544404045
540404044244443440404040
040404044444444540404001
000104044444444440400000
000003044444444340100000
000000044444444100000000
000000004444444400000000
000000004444444400000000
000000004444444400000000
000000044144444440000000
040400440944442444004040
044444400444444044444410
008844000444444000448100
000000000444444000000000