000000000044653100000000
000000000199999300000000
000000000399999522000000
000000002599999964000000
000000005999999997000000
000000000999999998000000
000000000999999093000000
000000000099999092000310
125300000099999093009002
300990000009900094309199
191909044039920999909192
090919099499993990919090
090909099999999990909030
000009099999999990900000
000000099999999800000000
000000009999999600000000
000000009999999900000000
000000029999999900000000
000000049999999910000000
000000099699999990000000
002002990599994099100100
329999900999999029999953
246699000999999000996552
001230000999999000033121