000000000266875311000000
000000000388887522100000
000000002588888744200000
000000004788888886200000
000000000888888889000000
000000000888888889000000
000000000888888285000010
122000000088888084000502
307500000008880085018204
502082120018800086520308
383820066258841788028304
081838088688885881830001
000028088888888780810000
000000088888888880000000
000000088888888920000000
000000018888888800000000
000000028888888810000000
000000048888888820000000
000000068888888830000000
000000280888888880000000
010004880388886088300000
548088800888888048880875
464488000888888000884774
223450000888888000055343