000000000377986422100000
000000001477776633200000
000000003677777855300000
000000005877777797300000
000000000777777779100000
000000000777777708100000
010000000777777376100021
233000000077777075100600
408610000007700076120305
613073230027710077630407
404030077367752677030405
102040177777776772040102
000030177777777670020000
000010077777777770000000
000000077777777830000000
000000027777777910000000
000000037777777720000000
000000057777777730000000
000000077777777740000000
000000370977777771000000
020005770277777077400010
050077700777777057770086
573377000777777001773885
334560001777777100066454