000000001488997533210000
000000012566665744310000
000000004766666966400000
000000000966666698400000
000000001666666608200000
000000000666666607200000
120000000066666407200032
044000000006666006201710
019720010006600067230410
724060340136621068740516
505140188476663566041506
203150266866667663050203
001040266666666561030000
000020066666666660010000
000000066666666740000000
000000036666666920000000
000000046666666630000000
000000066666666640000000
000000186666666650000000
000000460966666662000000
100006660166668066500001
160066600666666066660097
682266000666666002662996
445670002666666200077565