000000023699789755430000
000000004744443966530000
000000006944444888610000
000000002844444479610000
000000000444444406410000
200000000444444405410002
340000000044444009410151
160200000004400008413031
130942230124420049452031
940200562354443249902031
020300399694485344103020
010300444944449445002010
010200444444444343000000
000100244000000000000000
000000000000000000000000
000000000004444110000000
000000164444444450000000
000000284444444461000000
000000394444444472000000
000000641744444444000000
000008401244449144700000
000244401444444104441000
801144002444444104441808
667890004444444400099787