000000034788679866540000
000000005833332977640000
000000007933333790720000
000000003733333360720000
000000000333333305520000
300000000033333304520013
451000000003330000520262
201311100013310019524002
241900341233331039563142
951301673463354308903142
131401488793396233204101
101401533833339336103100
000300533000000000000000
000000000000000000000000
000000000000000000000000
000000111113333221000000
000000273333333361000000
000000393333333372000000
000000483333333383000000
000001732633333335000000
000019302333338233800000
000333302333333203332000
002233003333333205332700
778990005333333500199898