000000005877568977650000
000000006922221880750000
000000008822222690830000
000000000622222250831000
000000000222222200631000
410000000022222000631024
502000000012200000631303
302422200122221029635103
302001452342242128670203
802402784572265417804203
202502577882297122305202
202002622722228227200201
001000000000000000000000
000000000000000000000000
000000000000000000000000
000000222222222332000000
000000382222222272000000
000001492222222283000000
000001572222222294000000
000002803522222226100000
000029203422227302910000
000422203222222302223000
003322004222222306223600
889980006222222600288999