000000008844235799083200
000000009722223580083200
000000000522222360063200
000000000022222200064200
300000000022220000064213
041111101122221001964250
120033312242232103964021
120015533452254356962031
230124185672275422991032
230135987892298744531032
130035844852269322630031
130025922422225229520031
100000000000000000000000
000000000000000000000000
000000000000000000000000
000013555552222665200000
000013682222222295200000
000014762222222286310000
000024842222222277310000
000025826222222229410000
000156026722224622740000
002722026222222620226100
036622027222222620226330
887650029222222920555767