000000000011321000000043
000000001166661100010043
111110112266662210021643
002222123366663221338643
001304233466664322408651
012515545566665435698630
012472756686676547398410
013459977896698792696310
013568579986689866655300
002579548756667881175200
002479711416625766974200
002469666166661665964100
001300000000000000000000
000000000000000000000000
000000000000000000000000
001357999996666999642100
002357946666666659643100
012358826666666649753100
012468716666666638753200
012469469366666666853200
013591369866661966384210
136801369666666963169520
479901368666666963169273
443201366666666663101323