333323344455764443224387
441443445599995544354482
255554556699996654465982
346366567799997665773987
345748677899998766847993
356959989999999879257973
356886899979989988757853
357896688769967863259753
357997936549946799219742
246986114319923475489642
346886355149931899588642
236896299599994991698531
200000000000000000000000
000000000000000000000000
000001111111222222222222
345798666669999556986532
346798519999999916987543
356797439999999915897543
456897359999999924897643
456896195799999992797643
457965795499995599278653
579235795999999597595964
885235794999999597535687
110235792999999297532232