777767788899898887668778
885887889955559988798876
699998999955559998899576
789799998855558999887578
789887988755557899783567
799696676655556786313587
799749465535545674813797
798762244325523427315897
798653622115512355346886
689642451245532139846986
789742299585574455140916
679000000000000000000000
000000000000000000000000
111222222222222222220000
444445555555666666666610
789864222225555112579976
789864155555555542578987
799863175555555551468987
899753295555555561468987
899752551855555553368987
898629851155559155637997
985679851555555158951698
741679851555555158971948
534679853555555358976676