888878899999789998779867
996998999944449999899967
799999998844448899989467
898888987744447889778467
899796877644446788692458
898595565544445675412478
898638354424434563712698
897651133214412318414798
897542531124421244455797
798531562354443229935897
898631399694485344101827
780000000000000000000000
000000000000000000000000
222333333333333333301000
555556666666777777777720
899753111114444111468987
898753164444444451467998
898752284444444461357998
998642394444444472357898
998641641744444444257898
997519741244449144726898
974789741444444147941589
631789742444444147981837
645789744444444447987787