999989999988679999889956
997999998833338899989958
888889887733337789978358
997977876633336778669356
998695766533335677591349
987484454433334564521369
987527243313323452621589
986541122113311219523689
986431441233331133564698
897421673463354318924798
997521488793396233012738
800000000000000000000000
000001111111111111000010
333444444444444444410000
666667777777888888888800
998642111113333221357898
997642273333333361356899
987641393333333372246899
987531483333333383246799
987531732633333335146799
986418632333338233815789
863898632333333236832479
522898633333333236892726
756898635333333536898898