777787766655346667886723
669667665511115566756628
855556554411114456645128
764744543311113445337123
765362433211112344263117
754151121111111231853137
754224211131121122353257
753214422341143247851357
753113174561164311891001
864124996791187635620000
764224755961179001200000
800000000000000000000000
233334444444444400000000
666777777777777777000000
999999999999888888880000
765312444441111554120000
764312591111111194120000
754313671111111195213000
654213751111111186213000
654214915311111118313000
653145315611115511832000
531875315111111513515000
225875316111110013575000
989875318111111103578000