555565544433124445664011
447445443333333344534011
633334332233332234423301
542522321133331223115301
543141211133331122145320
532232212233332112975310
532142423353343214175135
531126644563365465973135
531235296783386533900123
642246878983399853000122
542140000000000020000112
610000111111000000000112
455556666666666600000012
888999999999999999000012
888887777777666666000012
543124666663333776000012
542124773333333386000012
532125853333333377000012
432135933333333368000012
432136737133333339000011
431263137833303733600011
313653137333331001000001
147653138333332100000010
798653139333333320000000