444454433322113334550122
336334332244442233420122
522223221144441123312412
431411211144441112114011
432132111244442111236000
421323323344443213886400
421251534464454325186224
421237755674476574884124
421346397894497644801234
531357769974489960001233
431200000000000100001223
520011222222110000001223
566667777777777700000123
999999999999999990000123
777776666666555550000123
432135777774444880000123
431135864444444470000123
421136944444444460000123
321246924444444459000123
321247648144044448000122
321372148944410040000120
214542148444442000000000
258542149444443200000021
687542148444444400000111