333343322211212223441233
225223221155551122311233
411112111155551112211523
321311112255552111223122
321223122355553211320111
311414434455554324797000
311361645575565436297313
312348866785587683795213
312457488995598755012345
421468659865578900012344
321300000000000000012334
431122333333220000012334
677778888888888800001234
999888888888888800001234
666665555555444400001234
321246888885555990011234
321246955555555560011234
311247935555555550001234
211357815555555540001234
211358559255105550001200
212481259955520000000001
125431259555553000000111
369431259555554000001132
576431257555000000000222