111111122233542221114562
222221223388883322134112
133332334488884432240011
124144345588885443500011
123526455688886544600000
134737767788887657400000
134694978898898769500001
135678899988889981478531
135789758768868988345678
024798326538845001345677
024600000000000001245667
064455666666550001245667
099998888888888000234567
006555555555555000234567
033332222222111001234567
023579888888888001244567
024579728888888001244567
034579618880888001200567
034689538888100000011227
234688287588410000122233
235783587688800000223334
358113587800000000003444
697113586811000000110465
243113584820000000022115