222212233344653332115673
331332334499994433245223
144443445599995543001122
235255456699996554000122
234637566799997655000001
245848878899998768000001
245795989989999879000000
246787799879978972369642
246898847659957899456789
105897215429930002456788
105710000000000002356778
105566777777660002356778
008887777777770001345678
005444444444440001345678
002221111111111002345678
004689777779990002355678
005689619999990002355678
005688529991990002001678
045798449999200000122338
345797196699500001233344
346874696590000000334445
469124696901000000104555
796124695920000000221576
132124693930000000033226