333323344455764443226784
441443445599995540056334
255554556699996600002233
346366567799997600001233
345748677899998760000112
356959989999999879111012
356886899979989988110001
357896688769967863259753
357997936549946799567899
200986114319920013567899
200820000000000003467889
200677888888700003467889
100776666666660002456789
100333333333330002456789
100111111111220013456789
100798666669990013466789
100798519999990013066789
100797439992090000112789
156897359999300001233449
456896195799000002344455
457965795400000000045556
579235795912000001215666
885235794930000000332687
121235792940000000044337