444434455566875000337895
552554556688886000067445
366665667788887000013344
457477678888888700012344
456859788988889871000223
467969999988889989220023
467977798868878997221012
468995577658856754148864
468986925438835688678998
310975123218810024678999
310931000000000004578999
310788999999800014578999
200065555555550013567899
200222222222220013567899
210112222222330024567899
210897555558880024577899
200897428888880020077899
200896348883000001223899
267986268888400012344559
567985284888000003455566
568956884300000001056667
688346884820000002326777
974346883840000000443798
211346881800000000155448