555545566677980001448996
663665667777770000178556
477776778877778100124455
568588789977779810023455
567969899977779982001334
578878898877778998330134
578968687757767896332023
579984466547745645137975
579875814327724577789987
420864232127700035789988
420942000000000005689998
420099999999900025689998
310054444444440024678998
310011111111110024678998
320023333333440035678998
320086444447770035688998
310086337777770030188998
300985257774000012334998
378975177777000023455668
678974373900000000566677
679847973210000002167778
797457973730000003437888
963457972700000000554899
312457971700000000266559