777767788899000013669878
885887889955000002399778
699998999955559302346677
789799998855558900245677
789887988755557890023556
799696676655556786502356
799749465535545674551145
798762244325523427315897
798653622115512355998765
642042451245500257998766
642064100000000007898776
641088777777800047898776
530032222222200046899876
530022222222200146899876
541045555555600257899876
540064222225500157899876
530064155555500001399876
501863175556000034556876
599753295555000045677886
899752551800000010788899
898629851130000024389999
985679851500000005659999
741679851500000000776978
534679853500000002488778