888878899990000124778769
996998999940000013498889
799999998844008003457788
898888987744447800356788
899796877644446780034667
898595565544445675603467
898638354424434563662256
897651133214412318414798
897542531124421244987654
753031562354400368987655
753075200000000008987665
752077666666700058987665
640021111111100057998765
641033333333300257998765
652056666666700368998765
651053111114400268988765
641053164444400002488765
602752284447000145667765
698642394444000056788995
998641641700000020899999
997519741240000035499998
974789741400000006769888
631789742400000001887867
645789744410000003599887