999989999980000235887659
997999998830000024587999
888889887733017104568899
997977876633336700467899
998695766533335670045778
987484454433334564714578
987527243313323452773367
986541122113311219523689
986431441233331133876543
864021673463300479876544
864086300000000019976554
863066555555600069976554
751011111111100068987654
752044444444400368987654
763067777777800479987654
762042111113300379977654
752042273333300003577654
703641393338000256778654
787531483333000067899994
987531732600000030999988
986418632350000046598887
863898632300000007878777
522898633300000002998756
756898635320000004699996