999999988871000346996548
888889887721111035676998
977778776622126205679999
986966765522225601578999
987584655422224560056889
976373343322223453825689
976416132212212341884478
975432211122221129632579
975321352342242122765432
975012784572200589765433
975097000011000009865443
974055444444500079865443
860012222222200079876543
863055555555500479876543
874078888888900589876543
873031222222200489866543
863031382222200004666543
814531492229000067889543
876421572222000078999883
876422823500000040988877
875327523460000057687776
752997523200000008987666
413997524200000003999645
867997526230000005788995