444451133222200898551123
336331112246200089821443
520021111144600029875544
430001211144400036976544
430000111244442113598665
421000123344443213679865
421251514400054325669976
421237725600016574884124
421346433800017644211234
579057764400022964211233
579057555500002354311223
579011222200112274311223
680067777700100175321123
688099999900011975321123
679076666000013224321123
671035777700012264311123
680035864000003339811123
669136940000001227665123
621246921000000376544333
321247648000000143433322
321372148900001227832221
214542148011101226562111
258542149022201238445121
687542148083301339733441