333342222333300097441232
225222221157310008711332
411112222155710008764433
321111112255510007865433
321111122355553214687554
011111234400054324588754
001361625000065436559965
000348836000127683795213
312457544900128755112345
468068655500133853112344
468046666000013463212334
469022333000223363212334
570078888000201264211234
579088888800022964211234
569065555000024333211234
562046888000023353211234
570046955000014449711234
579247900000002336554234
511357810000000465433224
211358550000001254322211
212481259000012336721111
125431259022012335451111
369431259033312349334132
576431257094412448622332