444438855999914542122895
552558886686970000000245
367768888788675014000144
457777678888876656200044
457777788000889879700223
667777890000689989252123
667977780000678997223312
666995593005786754148864
468986891006785688678998
312075120004799224678999
312031770005679974578999
313088990006859914578999
215005500000057813567899
214022200004688313567899
213010120000019994567899
218027330000589924577899
215097450000479993177899
263896500000258991223899
267986200000356912344559
567985280000467889455566
568956884050578991156667
688346884080578992326777
974346883099578994443798
211346881049378992155448