888877799666658986112769
996997779942681100001689
798897777844289450001588
898888987744489992003488
898888877443346785344667
998888764330005675613467
998638374300004563662256
999651167400072318414798
897542455430071244987654
753031564300066368987655
753075334300006538987665
752007664200001658987665
649001143000130757998765
641033342000000057998765
652054200000055668998765
657063770200036661988765
649053892000000552188765
622752922000000065617765
698642321000000556788995
998641641000008745899999
997519741000087665499998
974789741074087666769888
631789742066087651887867
645789744015087553599887