999986699555569997223659
997996668831572200002799
887786666733179560002699
997777876633378890004599
997777766554435674005778
887777655400014564714578
887527265400013452773367
888541158500061219523689
986431346540161133876543
864021675400055479876544
864086225400005429976554
863006555000002569976554
759001154000240668987654
752044450000001068987654
763065300000064559987654
766072881300005572977654
759042993000000043277654
713641933000000156728654
787531432000000467899994
987531732000007634999988
986418632011076556598887
863898632065076557878777
522898633055076542998756
756898635024076444699996