777783366222297600056326
669663335513245500005976
854453333411346800005977
764444543311145561127877
764444433887012341238998
554444328700041231947898
554224238000041122996699
555214428800333247851357
753113119800434311543211
897024998000022797543211
897089228000002127643221
896033228000210297643221
986004487000570398654321
985077782000034298654321
996098600000291227654321
993092884000002295644321
986012766000022316544321
936313666000012429958321
954213765000003199877661
654214915000034311766655
653145315044043229865554
531875315038043229890444
225875316022043215778423
989875318051043117966773