666672255111196000167215
558552224424136600016865
743342222322435911006966
653333432222234452238966
653333322998021231349887
443333219800051121858987
443133329000152113887798
444115517000424356962246
642124219900525422432112
798035989000011886432111
798079339000110136532111
797042119000320196532111
895005598000600297543211
896088893000045397543211
897099000000091016543211
892083775000000086533211
895013657000033017633211
847214577000023019867211
843124876000014098766551
543125826000043021655544
542154226055032019954443
422764226029032018781333
136764227011032016667312
899764229061032018955662