444451133222270000389123
336331112246210000118643
521121111144613800008744
431111211144412204459844
431111111800042003568665
221111128000073003679865
221251518000374025669976
222237115000610074884124
421346111000000644211234
579057761000111164211233
579057551000332354311223
579061121000542274311223
683017711000012175321123
688099981000167575321123
679078110000073224321123
671065057000001268311123
683035439000055239811123
669136399000005227685123
621246998000006276544333
321247648000061243433322
321372148077011227832221
214542148018011226563111
258542149022011238445121
687542148083011239733441