222233311444400000598341
114113331168400010139421
312213333266820022009522
212222123366621126677622
212222233600064225786443
112222346000095225497643
112472736000590007448854
111459333200001201196311
213568333000022806111456
357079543000333302121115
357035773000554002123411
358083343100764002123445
461039930000134053112345
469077763000389053112345
458056330000055042112345
453017009000003049122345
461000218000077058922345
488358188000007045493345
412468789000008054322115
112469469000082465211111
113591369099023445611112
136321369036023444345222
479321368044023459223243
465321366095023457511223