888877799666698754332111
996997779942699894432222
798897777844280988433322
898888987740009984463382
898888877480006885324621
998888764900000864333261
998638374800006433222210
999651777860022222221709
897542777950000011119054
750531567600000000000995
750475337000003200007699
750427767000002110987665
640071023020001007998765
640033301000000057998765
650054770000005968998765
650093942000087961988765
640095421000056952188765
650043210000004965617765
100321003000001356788995
991100642000000045899999
990009740000000605499998
904789740000000660765888
631789740000000651887867
645789740000000653599887