999986699555599865443222
997996668831599985543333
887786666733070977544433
997777876630000873374493
997777766590000774215732
887777655900000775444372
887527265900007544333321
888541668770033333332610
986431666960000122228103
860621676700000011001084
860586226000000000000588
860516656000003221006554
750161134030002100987654
750044012000001008987654
760065660000000959987654
760082950000006972977654
750096532000007943277654
760054321000005956728654
200432100000002467899994
982210003000000134999988
981000631000000006598887
800098630000000550874777
522898630000000542998756
756898630000000044699996