999995588444489976554333
888885557721480976654444
976675555622060866655544
986666765520000762285594
986666655690000663116843
776666546800000686555483
776416156900008655444432
777432559680044444443521
975321555870000233337210
970712785800000022112103
970697115000000000000477
970615545000004332000443
860252245000003210006543
860055023000002100876543
870076501000000049876543
870071860000000883866543
860087643000008834366543
870065432000006847839543
310543210000003578999883
073321000000000223988877
872110022000000007687776
710007520000000440083666
400997520000000033999645
867997520000000035788995