333342222333323467889999
225222221157320317789999
411112222100000211788899
321111112200004115558839
321111122700004114677599
111111237000005157888959
111361627000005788999998
111348224150099999999287
312457222200025899991874
466668652000002588778713
460046662000001455556003
460072232000000233340304
570028898000040001031234
500034680000048700211234
560001367000056000211234
560016012000030059211234
570026790000000249911234
560078998000007236594234
970899876000000865433224
009987640000000000322211
218775200000000532001111
173630002000000335434111
353100250000000049334132
520031250000000048622332