444438000000000011111122
552550000000000011111122
367768000000000011111022
457770000000000010112012
457770000000000000122102
667770000000000001120202
667970000000000011012200
666900000000000010112200
468900000000000001111000
317170000000000001110000
344500000000000000001001
344000000000000000000011
244000000000000000000111
444000000000000000001112
244000000000000000001122
244000000000000000001199
244500000000000100000899
244500000000001100001899
445234500000222100001559
444456733222222100001166
565668833222222000001167
669796433222224000001177
984744333222221000001198
284443333222221000001148