555549100000001122222233
663661100000001122222233
478879000000001122222133
568881000000000120223123
568881000000000111233213
778880000000000112201313
778960000000000022120311
777900000000000121020311
579800000000000102220011
426200000000001012220001
455600000000000111000002
455000000000000101100122
350000000000000011101222
550000000000000010002223
350000000000000001002233
350000000000000000002298
355000000000000001001998
355000000000000011100998
356100000000330011100668
553345644333330011100277
674557944333330011100278
759697544333330011000288
975855444333330011000299
395554444333330011102259