777768322222223344444455
885883321111123344444455
699998221000123344444355
789993211000012342445345
789993210000002333455435
999992100000002334423535
999741000000002204342533
999710000000001143142533
798600000000000324442233
644400000000000134442223
677800000000002033201114
677100000000000321100044
571000000000001100000444
771000000000000232004445
570000000000000210214455
570000000000000012100476
571000000000000023000876
577000000000000013310876
178200000000500233310886
771123066055550233310499
892335866555500233310499
937479766555500233210499
757977666555500233220478
587776666555500233320478