888877433333334455555566
996994432222234455555566
798897332110234455555466
898884322000023453556456
898884321000013444566546
998883210000003445534646
998632110000003315453644
999621000000002254253644
897510000000001435553344
753510000000000245553334
788900000000003144312225
788200000000001432201055
682100000000002211110555
882000000000000043105556
681000000000000320025566
681000000000000123211565
602000000000000104100765
608000000000000024420065
109300000000600344420095
001112007006660344420099
001224777666610344420098
006369877666600344320088
008888777666600344331067
008887777666600344431087