888894766666667788888899
779777765555567788888899
965564665443567788888799
875557655200056786889789
875557654000006777899879
665556543000006778867979
665315442000006648786977
666354300000000587586977
864243000000000768886677
981840000000000078086667
988730000000000477645558
988530000000000165534388
985420000000000544441088
885300000000000310420089
984000000000000053108899
984000000000000426044832
932000000000000007421212
932000000000000007751010
431000000000000077753211
320030000000090677753211
320021499999940677753211
320036899999920677653210
320088999999920677664331
320089999999920677764321