666672988888889999999988
558559987777789999999988
743342887600789999999988
653339877000078998998998
653339876000008999988998
443338760000008999989898
443137660000000869998899
444176000000000799798899
642100000000000989998899
793900000000000099098889
766000000000000699867779
766000000000000387756599
867000000000000066663209
660000000000000032642098
860000000000000075320088
860000000000000048266911
850000000000000009643431
850000000000000009973212
650000000000000099975400
542000000000000199975433
541000000000860899975433
540004677888840899875432
540066777888840899886513
540067777888800899986543