000001177777776655555544
000001112288876655555544
000001111123876655555644
000001111122387657554654
000001111122237666544564
000001111122237665576464
000000111122234795657466
000000111122234856857466
000000011112232675557766
000000001112223363457776
000000001122233266798885
000000001112223738899955
000000001011223499997645
000000000011222113923354
000000000011221189223444
000000001111211182239545
000000001111112346987875
000000001111222346687656
000000001111222366689844
000000011112223566689877
000000011222234766689877
000000012242434766789876
000000003442434766779947
000000003422334766679987