222223355555554433333322
222223334466654433333322
222223333345654433333422
222200000344565435332432
222200000044455444322342
222000000044455443354242
222000000004456573435244
220000000004456634635244
110000000004454453335544
110000000004445545635554
111000000004455444576663
210000000004445956687833
110000000003445677779863
200000000003444335745532
100000000033443368445622
211000000033433394457367
220000000033334564799997
220000000003444564469878
210000000003444544468966
210000000004445744468999
210000000004456544468999
200000000004256544568908
100000000004256544557009
100000000004556544450009