333334444444443322222211
333334445555543322222211
333330044456543322222311
333300000455654324221321
333000000055564333211231
333000000005564332243131
333000000005567462324133
330000000005567523524133
220000000005565342224433
220000000005556636724443
222000000005566533465552
321000000005556965576722
220000000004556766669972
310000000004555446656621
210000000004554457556711
322000000004544485566278
330000000044445673689898
330000000004555673359989
320000000004555633357877
320000000005556833357899
320000000005567433357899
300000000005167433457819
200000000005167433446119
200000000005667433341119