777778011111112233333344
777000089911112233333344
770000008899112233333244
700000000899911231334234
700000000299991222344324
700000000149991223312424
000000000149998123231422
000000000149998132131422
000000000139999213331122
600000000139999929831112
600000000149999922121113
700000000139999591132333
600000000028999822225683
700000000013999889299934
650000000028998813999844
700000000248988849992387
000000000288889982245457
000000000048999982215676
000000000028999922213488
000000000009999722213455
000000000009998122213455
000000000009498122113456
000000000009498122112555
000000000000998122215555