555553188888889999999988
555721043377789999999988
556100000432789999999988
562000000033278998998998
541000000033328999988998
541000000083328999989898
620000000083321869998899
300000000083321799798899
300000000003323989998899
540000000003332292198889
532000000003322399867779
431000000003332327756599
421000000004332166663219
321000000000333442632298
444000000004334475332188
562000000004344443326911
531000000004443219643431
531000000004333219973212
530000000000333299975411
420000000000332199975433
420000000000321899975433
420000000000821899875472
420000000000821899886773
420000000000021899987773