555557923022221111111122
555389322033321111111122
554993000002321111111122
548940000000832112112112
569840000000182111122112
569730000000082111121212
489630000000089241112211
799300000000089311312211
785300000000087121112211
566500000000078818912221
578730000000088711243331
679730000000078783354511
689720000000008944447891
789520000000007668478812
666610000000006635778922
548950000000166667784199
579850000000067891467679
579830000000077891137898
579800000000027811135699
689600000000008911135677
689700000000019211135677
689600000000009211235638
689700000000009211224337
689000000000009211123337