666666814011111122222233
666278430042211122222233
663890000003211122222133
637950000001921121223123
658900000000291111233213
658800000000191112211313
379700000000199132121311
699000000000199221221311
696000000000198112221111
457600000000189919921111
467800000000199811132222
568800000000089692243422
578800000000019933336792
678600000000008779389923
555720000001117724889933
637900000000277758893298
468900000000178991356568
468900000000188991126787
469000000000038911124599
579000000000019811124566
579000000000029111124566
579000000000019111124547
579000000000019111113446
579000000000019111114446