888881359455556677777788
888423341294456677777788
483342100258456677777688
832400000136545675778678
812000000025755666788768
813000000004655667756868
323000000004654537675866
141000000004654476475866
150000000002656657775566
210000000004665565475556
212000000004655666534447
110000000004565154423277
120000000003565433331247
120000000003456775365578
110000000006667742665488
832000000004777716653743
210000000013206546311113
210000000003200546641232
210000000002200566642144
120000000001200366642111
120000000002204566642111
100000000000204566542192
100000000001104566553991
100000000001004566659991