666666314211111122222233
666273125442211122222233
268322003413211122222133
685210000331921121223123
673100000041291111233213
663000000002191112211313
863000000002199132121311
532000000002799221221311
520000000004158112221111
750000000002789919921111
454000000002199814132222
753000000002189692243422
643000000000119933336792
543000000000218779389923
662000000000117724889933
684000000002277758893298
853100000000666671356568
753100000000656667126787
753100000000000006624599
642000000000000000524566
642000000000000000054566
642000000000000000004547
642000000000000000005446
642000000000000000000446