777775415111112233333344
777164204351112233333344
179433004314112233333244
796300000022911231334234
784200000001391222344324
774100000001291223312424
974000000001298123231422
643000000001898132131422
630000000003269213331122
860000000000899929831112
365100000001299925121113
864100000000199591132333
754100000000129822225683
654000000000119889299934
773000000000228813999844
795100000001388849992387
964200000000777782245457
864200000000767778215676
864200000000000007713488
753000000000000000613455
753000000000000000063455
753000000000000000003456
753100000000000000006555
753100000000000000000555