999993637233334455555566
999246400172234455555566
298650000006234455555466
988510000004723453556456
996400000000573444566546
996300000000473445534646
896200000000476315453644
865000000000976254253644
851000000000488435553344
982100000000987747653334
187300000000477847312225
986300000000387372211155
976300000000047611113465
876200000000238997187756
995100000000449921887666
987320000000599928871565
886410000000099994123235
986400000000019999423454
986400000000000119921266
975200000000000000821233
975200000000000000081233
975200000000000000001274
975300000000000000008773
975000000000000000000773