999992740344445566666677
999337500083345566666677
397760000007345566666577
979620000000634564667567
987510000000664555677657
997400000000064556645757
797300000000565426564755
976000000000065365364755
962000000000097546664455
893200000000076656564445
198400000000066758423336
897400000000076263312166
987400000000056522222356
987300000000047886276667
996210000000558831776577
978430000000088817762654
797520000000099985212124
897510000000029998532343
897500000000011229931155
986300000000001111931122
986300000000001111191122
986300000000000000111183
986400000000000000009882
986000000000000000000882