555553884788889999999988
555728943077789999999988
753890000013789999999988
536900000002278998998998
548900000001328999988998
558800000000228999989898
358700000000221869998899
689400000000121799798899
696000000000163989998899
467000000000122292198889
567800000000122397867779
468800000000032327756599
578800000000022166663219
678700000000013442632298
559600000012114475332188
537800000002244443326911
368900000000155549643431
468900000000000004973212
468900000000000000575411
579700000000000000075433
579000000000000000005433
579000000000000000005472
579000000000000000000773
579000000000000000000773