444444795899999988888877
444837950168899988888877
842700000024899988888977
425800000013189989887987
437000000002419999877897
447000000001319998899797
247000000001311978989799
578000000000211889889799
587000000000252998889999
350000000001231191189999
656000000001211296978888
357900000000121418867688
467000000000131177774318
567800000111122331721187
448700000123223386221177
426900000003333352217812
257900000001244439754542
357900000000000013984323
357000000000000000486511
468000000000000000086544
468000000000000000006544
468000000000000000006563
468000000000000000000664
460000000010000000000664