222229259655554433333322
222682424616654433333322
624243013579654433333422
241000000368565435332432
230000000257955444322342
220000000146855443354242
420000000036856573435244
120000000005756634635244
130000000005714453335544
310000000016785545635554
810000000026755441576663
310000000135645926687833
210000000135685677779863
110000000066674335745532
220000001678773368445622
210000000348833394457367
100000000026722234799997
310000000000000003469878
310000000000000000268966
200000000000000000068999
200000000000000000008999
200000000000000000008918
200000000000000000000119
200000000000000000000119