777775414111112233333344
777164279851112233333344
172111068975112233333244
710000025886911231334234
100000013797591222344324
000000003698691223312424
000000002588698123231422
000000000159798132131422
000000000359769213331122
000000000468769929831112
000000000578799905121113
000000004689899571132333
000000003689869822225683
000000014588879889299934
000000056876778813999844
000000012896688849992387
000000001478777782245457
000000000340004458215676
000000000000000044713488
000000000000000003413455
000000000000000000353455
000000000000000000043456
000000000000000000035555
000000000000000000004555