777771962566667788888899
777519715395567788888899
577611006421567788888799
763100000631456786889789
631000000742146777899879
420000000053146778867979
420000000003143648786977
420000000004243587586977
430000000004285768886677
540000000003214474386667
531000000073244539645558
530000000064354175534388
532000000064314344441138
431000000933325664454489
321000001321226653554399
321000000051166625544832
241000000073277767421212
540000000002222996751121
531000000002222229753233
531000000001111122953211
431000000000111111293211
420000000000111111193291
420000000000000000019991
420000000000000000009991