444444795899999988888877
444837942168899988888877
849944330124899988888977
496430000313189989887987
964300000012419999877897
753000000021319998899797
752000000001311978989799
751000000000211889889799
761000000000252998889999
873000000001231191189999
864000000001211266978888
863000000031121448867688
865000000001131177774318
764100000011122331721187
654100000123223386221177
654000000003333352217812
574000000001244439754542
873000000000000003984323
864000000000000000486511
864100000000000000086544
764100000000000000006544
753000000000000000000563
753100000000000000000664
753100000000000000000664