111117478877776655555544
111864670438876655555544
816777000057876655555644
179760000006387657554654
797600000005737666544564
986000000000037665576464
985000000000034795657466
984000000000034856857466
994100000000522675557766
896200000000563363457776
897300000000533293798885
896300000000423718899955
898300000003463499997645
997400000044452113923354
987400000006551189223444
987300000000611182239545
897200000000011116987875
896000000000011121687656
897200000000011111289844
897400000000001011119877
997400000000000000009877
986300000000000000000836
986400000000000000000037
986000000000000000000037