111118369766665544444433
111773581527765544444433
715688100068765544444533
169870000007476546443543
698700000006846555433453
897100000000046554465353
896100000000045684546355
895100000000045745746355
895200000000013564446655
787300000000674454546665
798410000000644392687774
797400000000534817798944
799410000000574588888754
898510000005563224834443
998510000017662279334533
998400000000022293348456
988300000000011125898986
787100000000022232578767
798300000000022222379955
798500000000002122229988
898500000000000000009988
897400000000000000000927
897500000000000000000028
897000000000000000000028