222229259655554433333322
222682492616654433333322
624599211079654433333422
258981100018565435332432
589811000007955444322342
798210000001155443354242
797200000000006573435244
796200000000056634635244
786300000000014453335544
678400000000085545635554
689500000000755481576663
688510000000645926687833
689520000000685677779863
789620000000674335745532
899620000008773368445622
899510000001133394457367
979410000000000034799997
678210000000000000469878
689400000000000000008966
689600000000000000008999
789600000000000000000999
798500000000000000000018
798600000000000000000019
798000000000000000000119