333339148544443322222211
333591393715543322222211
533499320189543322222311
347992000029654324221321
479920000008964333211231
689300000002264332243131
688000000000017462324133
687000000000067523524133
677000000000125342224433
569500000000190636724443
579600000000866571465552
579600000000756935576722
578600000000796766669972
679730000001785446656621
789730000019884457556711
789620000002244485566278
869520000000000003689898
569300000000000000059989
579500000000000000007877
579700000000000000007899
679700000000000000000899
689600000000000000000019
689700000000000000000119
689000000000000000001219