444448137433332211111111
444491284824432211111111
442388000298432211111211
436890000039743213111211
368900000019873222111121
579000000003373221132121
579000000000028351213122
578000000000178412413122
568000000000236231113322
459000000001291727813332
468700000001977662354441
469700000001867844465611
467700000001897855558981
568800000002896557567711
678800000129995546667811
678700000003355576675189
758600000000100002578789
459400000000000000048999
468600000000000000006788
468000000000000000006788
568000000000000000000788
579000000000000000000029
579000000000000000000228
579000000000000000002328