555557226322221111111122
555382105933321111111122
351270000397321111111122
525700000048832112112112
257000000029782111122112
460000000004482111121212
460000000000139241112211
460000000001289311312211
459000000001347121112211
348000000002382818912221
357000000012988753243331
358000000012978753354511
356800000012988944447891
457900000113997668478812
567900000238996635778922
567800000004466667784199
647000000000200011467679
348000000000000000137898
357000000000000000015699
357000000000000000005677
457000000000000000000677
468000000000000000000138
468000000000000000000037
468000000010000000000437