777775414111112233333344
777164217851112233333344
172151001575112233333244
713500000266911231334234
135000000047591222344324
240000000026691223312424
240000000000358123231422
240000000003498132131422
230000000003569213331122
126000000004564929831112
135000000034799935121113
136000000034899571132333
134000000034869822225683
235000000335879889299934
345000001456778813999844
340000000006688849992387
420000000002422232245457
120000000001222222315676
130000000001111111233488
130000000000111111123455
230000000000111111112455
240000000000000000001356
240000000000000000000155
240000000000000000000655