777771962566667788888899
777519767395567788888899
577000026921567788888799
700000014781456786889789
000000002592146777899879
000000002478846778867979
000000000355893648786977
000000000024943587586977
000000000138980768886677
000000000139919474386667
000000001289243539645558
000000002489354175534388
000000002489314344441138
400000002889325664454489
300000133991226653554399
300000004558866625544832
200000000137112387421212
000000000111001127851121
000000000000000011783233
000000000000000000173211
000000000000000000037211
000000000000000000016891
000000000000000000003691
000000000000000000004891