333335696999998877777766
333023893259998877777766
900023469535998877777866
000002358844199879776876
000000346963519888766786
000000246884419887798686
000000233799752987879688
000000002468612978979688
000000004577013897779988
000000024576546181279998
000000035676317175989997
000000046876211539978777
000000246876241288885427
000000246775231221811176
000000577654332297111266
000000348994422261118723
000002234578556778865653
000000024555445568795434
000000023411111455877622
000000001000000014587655
000000000000000001478655
000000000000000000159754
000000000000000000047955
000000000000000000008455