222226587988887766666655
220134782349987766666655
000034578446987766666755
000003469735298768665765
000000457954628777655675
000000357973328776687575
000000044899643896768577
000000003579523967968577
000000005686124786668877
000000035685055272368887
000000046765428184899996
000000157965312629989866
000000357965352399996536
000000057664341112912265
000000688545441198112355
000000459993311171129634
000013345687667867976764
000000035666556677696545
000000004522222566768733
000000002100000125678766
000000000000000002587766
000000000000000000268645
000000000000000000058846
000000000000000000019346