234448137433332211111111
234689234824432211111111
123389973298432211111211
112348985239743213111211
001234997419873222111121
001234897523373221132121
000122239644128351213122
000011148975178412413122
000000159861679231113322
000000289861591727813332
000000398711976662354441
000000697511867844465611
000000897511897855558981
000002497112896557567711
000002866129995546667811
000001995443355576675189
000001899862887612578789
000001489888998872148999
000003349977777988216788
000022247655555679826788
000112235555555557962788
000111134444444555783129
000000123444444445596328
000000023444444444565328