678884523122223344444455
678976328761123344444455
567776532664123344444355
556787641375812342445345
245678653156482333455435
135678753137782334423535
024566676211467214342533
000002587531587143142533
000003595424986324442233
000003675421955838742223
000004764345682926211114
000014953145798481121244
000024753145758711114574
000036853446769998198845
000046422565669912998755
000245651117799939981476
000235765423443243134346
000135875444554433414565
000147786588888544342377
000266688999999985432344
000356679999999998523344
002555578888888999842465
003444567888888889952264
003333467888888888991764