789993632233334455555566
789865439672234455555566
678865423753234455555466
667896531484723453556456
356789542265373444566546
246789642148873445534646
135677785122576315453644
011013696421676254253644
000004694315875435553344
000014764310946747653334
000015853250571817312225
000025842150687392211155
000035642156647611113465
000047942557658997187756
000057311674559921887666
000356541228899928871565
000346654314332154123235
000246964333443324523454
001258895477777433451266
001377797899999874341233
001467789999999997414233
000666689999999999733574
000555678999999999941373
000444578999999999981873