654444795899999988888877
654212994168899988888877
765512359624899988888977
776541247953189989887987
987654235872419999877897
897654135795519998899797
798766652688861978989799
677679741357711889889799
666669733468212998889999
666679613415337191189999
555678524000016266978888
555588235000001448867688
455698135000001177774318
555696435000000331721187
555686466763113386221177
455987237885533352217812
555997123469445689754542
555897413444334459884323
557885542311111344986511
557966641233333213496544
557976653333333331369544
566777754444444333149863
566888765444444443336964
566999865444444444327564