432226587988887766666655
432134782349987766666655
543334578446987766666755
554323469735298768665765
865432457954628777655675
975432357973328776687575
986544434899643896768577
899898523579523967968577
888887515686124786668877
888897435637155272368887
777896346100000184899996
777796151000000629989866
677886350000001399996536
777874257000022112912265
777864688000331198112355
677865459993311171129634
777875345687667867976764
777975235666556677696545
779963324522222566768733
779844422111111125678766
779754431111111112587766
788555532222222111268645
788666543222222221158846
788777643222222222119346