678884523122223344444455
678976328761123344444455
567776532664123344444355
556787641375812342445345
245678653156482333455435
135678753137782334423535
124566676234567214342533
211212501123567143142533
222223500002466324442233
222213600000268838742223
333214760000008926211114
333314950000000481121244
433224759000000011114574
333236853700000008198845
333246428751000000998755
433245651764200009981476
333235765465321103134346
333135875465432233414565
331147786588888544342377
331266688999999985432344
331356679999999998523344
322555578888888999842465
322444567888888889952264
322333467888888888991764