899992741344445566666677
899754549583345566666677
789954314842345566666577
778995422593634564667567
467899431374264555677657
357899531259964556645757
246788894456785426564755
122124723345785365364755
111115111024684546664455
111125000000489656564445
111126000000000018423336
111136000000000000312166
211146500000000000222356
111158931000000000276667
111168219973000000776577
211467432986421117762654
111457543287543325212124
111357953287654415632343
112369994366666322561155
112488896788888763251122
112578898888888886315122
111777799999999888624683
111666789999999998831482
111555689999999999872982