998881851455556677777788
998643658494456677777788
899943215931456677777688
889984313692545675778678
578998321483155666788768
468998421369955667756868
357899993567894537675866
233235834456894476475866
222226220135793657775566
222236110101598565475556
111230000000000009534447
111147000000000000423277
111257000000000000331247
111269800000000000365578
111279128980000011665488
111578323997532226653743
111568432198654436311113
111468842198765516741232
113479983255555211672144
113599985677777652162111
113689997777777775226111
122888898888888777515792
122777899888888887722591
122666799888888888763991