654444795899999988888877
654212994168899988888877
765512359624899988888977
776541247953189989887987
987654235872419999877897
897654135795519998899797
798766652998761978989799
677679778899761889889799
666669664509862998889999
666679550525900001189999
555674430200000000978888
555583220000000001867688
455691100000000012774318
555690000000000234721187
555686000000034455221177
455987200068976662217812
555997123467998879754542
555897413467899959884323
557885542311111344986511
557966641233333213496544
557976653333333331369544
566777754444444333149863
566888765444444443336964
566999865444444444327564