321117478877776655555544
321245671438876655555544
432245687357876655555644
443214579626387657554654
754321568845737666544564
864321468962237665576464
975433325765434795657466
999997498876434856857466
999996997827531675557766
999996883058000013457776
888997761000000013798885
888886552000000024899955
788974432000000145997645
888963220000000567923354
888953200000007788223444
788754500000099992239545
888764450000678896987875
888864146004567786587656
889852215633333677659844
889733313211111236769877
889643321111111113696877
899444421111111111377536
899555432111111111169737
899666532111111111129237