211118369766665544444433
211356561527765544444433
321156796268765544444533
332115688517476546443543
643211679736846555433453
753211579851146554465353
864322216654325684546355
988986387765325745746355
999995998900422564446655
999985994109000024546665
999988872000000024687774
999977663100000035798944
899965543000000256888754
999954331000000678834443
999942310000008899334533
899643610000089993348456
999653560000067785898986
999753157000456695478767
998741116744444788549955
998622214322222347859988
998532212222222224795988
999333311111111222486427
999444321111111112279628
999555421111111111238128