234448137433332211111111
234689234824432211111111
123389973298432211111211
112348985239743213111211
311234997419873222111121
421234897523373221132121
531122239321128351213122
655653154432028412413122
666662668731025231113322
666652777420022357813332
777658895300012357354441
777749996000001368465611
877638876000000589558981
777627664000000998567711
777612643000000877667811
877311943100000666675189
777321893200004452578789
777421489310003372148999
775413349971777988216788
775322247655555679826788
775212235555555557962788
766111134444444555783129
766111123444444445596328
766222123444444444565328