456666315211111122222233
456898116942211122222233
345598751486211122222133
334569863157921121223123
123456875238691111233213
213456975315591112211313
312344458112349132121311
433431332211109221221311
444441446553107112221111
444431559642104579921111
555436677521104579132222
555527880000003589243422
655419990000000798336792
555419880000000076389923
555424865000000055889933
655123865300000048893298
555113985400000031356568
555213697530000151226787
553225568793999766124599
553144469877777897614566
553134457777777779741566
544333356666666777961247
544222345666666667774146
544111245666666666783546