567775414111112233333344
567987217851112233333344
456687641575112233333244
445678752266911231334234
134567764147591222344324
124567864226691223312424
213455567123458123231422
322321421112208132131422
333332335464208213331122
333322449753205689831112
444325568632205689121113
444416770001100698132333
544318800000000887225683
444329990000000005299934
444335970000000004999844
544134776000000009992387
444124876500000022245457
444124786640000142315676
442136677694999655233488
442155579988888996523455
442245568888888889632455
433444467777777888951356
433333456777777778863155
433222356777777777892655