899992741344445566666677
899754549583345566666677
789954314842345566666577
778995422593634564667567
467899431374264555677657
357899531259964556645757
246788894456700426564755
122124723345500365364755
111115112197520546664455
111125116986520986564445
111122238965520986423336
111133443334400975012166
211145000012200051022356
111156000000000000276667
111168000000000000776577
211467490000000000762654
111457549000000005212124
111357953970230415632343
112369994367666322561155
112488896788888763251122
112578898888888886315122
111777799999999888624683
111666789999999998831482
111555689999999999872982