998881851455556677777788
998643658494456677777788
899943215931456677777688
889984313692545675778678
578998321483155666788768
468998421369955667756868
357899993567800537675866
233235834456610476475866
222226221198630657775566
222236115897630975475556
111231127976630975534447
111142334445500064023277
111254100123300042031247
111260000000000000065578
111279000000000000665488
111578300000000000653743
111568439000000006311113
111468842900340516741232
113479983258555211672144
113599985677777652162111
113689997777777775226111
122888898888888777515792
122777899888888887722591
122666799888888888763991