987771962566667788888899
987532767395567788888899
998832126921567788888799
999873214781456786889789
689987212592146777899879
579987312478846778867979
468999982678900648786977
344346945567720587586977
333337331289740768886677
333347224798740864386667
222341116887740064645558
222251225556600053134388
122363201234400030041138
222300000000000000054489
222380000000000000054399
122689000000000000544832
222679320000000000421212
222579731000400027851121
224588872149444111783233
224699974566666541173211
224799986666666664137211
233999987777777666416891
233888998777777776613691
233777898777777777654891