876662973677778899999999
876421876286678899999999
987721137812678899999899
998762125871367897999899
799876113691237888999989
689876213587730889978989
579988871789900759897988
455457956678830698697988
444448442379850879997788
444458333689850753297778
333452215798850053756669
333361116667700042205499
233472312345500020002129
333400000000100000043399
333400000000000000043299
233799000000000000435921
333789210000000000532321
333689621001500008962111
335697761139333122894322
335788863455555431284322
335898875555555553148322
344999976666666555327981
344999987666666665514782
344888987666666666545782