654444795899999988888877
654212994168899988888877
765512359624899988888977
776541247953189989887987
987654235872419999877897
897654135795510998899797
798766652998720978989799
677679778899950089889799
666669664557970998889999
666679551468970531189999
555674433589900031978888
555583228889900021407688
455691534567700010004318
555000000000310000001187
555000000000000000021177
455900000000000000017812
555997000000000000754542
555897410000000009884323
557885542317111344986511
557966641233333213496544
557976653333333331369544
566777754444444333149863
566888765444444443336964
566999865444444444327564