211118369766665544444433
211356561527765544444433
321156796268700544444533
332115688510400546443543
643211679730210555433453
753211579850320004465353
864322216650360114546355
988986387765590345746355
999995998913500064446655
999985994124500024546105
999988872145000024683074
999977667776000035000044
000002978998810000000754
000000000000000000000443
000000000000000000004533
800000000000000000008456
990000000000000000098986
999700012000000000478767
998741116743400000549955
998622214322222007859988
998532212222222224795988
999333311111111222486427
999444321111111112279628
999555421111111111238128