112229259655550433333322
112467452610600433333322
211167895170600433333422
221126797410510035332432
532112789621320040322342
642112689741430113354242
753211117541270223435244
877875276654400034635244
888884889912400053335540
888874995213000035635200
999879983134000035570003
999968776665100040000003
000003989987700000000063
000000000000000000000032
000000000000000000000622
000000000000000000007367
900000000000000000009997
990000100000000000069878
997631127852000000438966
997511125433330008948999
997421113333333335884999
988222212222222333595318
988333211222222223388519
988444311222222222347119