987700467820000888888899
987530467200000488888899
998830561000000599888799
999871520000000186889789
689981500000000179899879
579980300000000688867979
468999000000000678786972
344346940000000787532100
333337331600000732110000
333347224773002110000000
233322222111000000000000
111111110000000000000000
000000000000000000000000
000000000000000000000000
000000000000000000000000
000000000000000000000002
000000000000000000000002
000000000000000000000021
000000000000000000000233
000000000000000003553211
000000000000000235637211
000000000000034566416891
000000000007777776613691
000000008777777777654891