320025976580000055555544
320024976810004955555544
430014877600003844555644
443013886540002757554654
754007865430001363544564
864006464320000225576464
975005653320000215657468
999907543210000156898765
999016942200000198776544
999916833100000076554332
899908822000000054433221
777707771000000033222110
665555511000000122111000
444444330000000111000000
333322200000000000000000
222211111110000000000000
111110000000000000000000
000000000000000000000000
000000000000000000000000
000000000000000000000000
000000000000000000000000
000000000000000000000000
000000000000000000000000
000000000000000000000000