340009021000005533314444
340079420000004222113333
200069327000011132222223
200068368900000221112122
200257389930002200021111
300258989820001110000001
400249898810000000112200
500242998700000011356789
500231597700003656778999
500161688620002578999887
600156677210001599988776
770057772110000588777665
880049921100000677666555
990099810000000066555444
880037100000000555544433
770266000000000044433332
660165000000000043332222
550155000000000033222211
444044000000000022211110
333330000000000011110000
333220000000000110000000
222220000000000000000000
111111000000000000000000
000000000000000000000000