560117213210007755536666
560001112100001444335555
400000111200000354444445
400089106100002443334244
100075167000004422243333
100476868900013112222223
200467679930000021111422
300461789920001210034111
300452389910001110000001
300382499800000000778900
400374499400000008899998
500275554300002799999887
600267743320002899888777
800188932210001288777666
900159322110000777766655
990188221100000166655554
880087211000000065554444
770377110000000055444433
660266100000000044433332
550551000000000033332222
550140000000000032222211
440411000000000022111110
333010000000000011110000
222200000000000000000000