671226324321118866647777
670112223210002555446666
510011122300001465555556
500000115200000554445355
200084006100005533354444
100585750000004223333334
100576568800011132222533
200572678930000321123222
000563279920002200011112
000493388910001111000011
000483399500000100088900
000384445400000008999998
500376654400003999999888
700277843320002399888777
800269433220001888877766
900299332210000277766665
900198322100000176665555
880488221100000066555544
770377211000000055544443
660662110000000044443333
660251100000000043333322
550522000000000033222221
440121000000000022221111
333310000000000011110000