893444546543339988869999
892334445432224777668888
711233344520013687777778
700122333400001776667577
400001224100000755576666
300090112000000445555556
200794306100003354444755
100794456000002543311444
000785157700001422233334
000685166830000011122233
000691177720001300011722
002592227610000211000011
002594476600000100088900
002455665500000000999999
001487655400000999999988
001488554430001499988887
800389544320000398887777
900699443310000288777766
900599433200000177766665
800884332100000066665555
880473321000000065555544
700744210000000055444443
600343100000000044443333
550532000000000033332222