994553657654448899979999
993445556543335888779999
822344455631124798888889
801233442510002887778688
500012333200000866687777
400001223000000556666667
300093015200000465555866
200895340000003654421555
000896246600012533344445
000776155740001122233344
000781166830000001122633
003681118720000320001122
003693387710000211000001
003544576600000000088990
002596766500000008899999
002577665540000599999998
700478655431000499998888
800788554420000399888877
900699544310000288877776
900995443200000077776666
990584432000000076666655
800855320000000066555554
700454200000000055554444
660643000000000044443333