767881989987775577796666
766778889876668888997777
855677788964457978888887
834566772842125889998988
801345661520001899989999
700024556300000889999999
600001242100000798888899
500068012300000987754888
100879510000005866677778
000949422400004455566677
000954433860000234455366
000953338950000001134455
006961189940000544001234
006811299920000321000001
005873999800000000066670
005844998870000006677778
003745988760000767778888
500955887752000677888899
600966877640000588899999
700778776510000099999999
700887765100000099999988
830888650000000099888887
910787500000000088887777
910976100000000077776666