658992998998884466685555
657889999987779777886666
766788899975568867777776
745677883953236778887977
902456772630002799978888
800035667410000999999998
700002351200000899999799
600059023400000998865999
200769610100006977788889
000839511300005566677788
000845522770001345566277
000944447860000012245566
000952278850000650002345
007911189930000432000002
006962899900000000055500
006933999900000000566667
004834999870000856667777
400844998863000766777788
500955988751000677788889
600669887620000188889999
600978876200000089999999
740799761000000099999998
820898610000000099998888
920987200000000088887777