439884786789992244463333
439998887899998555664444
588999988797789645555554
567899995875458556665755
824678994852004577756666
900257889630000887777776
900004572400000978888577
800030145600000789987888
400547801300008899999998
200617722000007788899999
000627711500003567788199
000726665680000034467788
000734456670000800004567
000833267750000654000024
008841677800000220003300
008811778800000000344445
000912788990000034445555
200622889985000944555566
300733899973000855566667
400448999840000366667777
400859998420000067777788
560588983200000077888889
640989832000000088889999
740799421000000099999999