328775675678881133352222
329887776789997444553333
499988877698898534444443
478999886786569445554644
735789995963005466645555
800368999740000776666665
900015683500000867777466
900020256700000678898777
500036902400009799988887
300516833000008899999988
000518822400004678899299
000617774590000045578899
000625545580000900005678
000744356660000765000035
000732566710000330002200
000711667700000000033334
000811677890000023334444
100511778896000933444455
200622788984000944455556
300337889950000455556666
300748899530000056666677
470077994300000066777778
550078943100000077778888
650689532000000088889999