116557453456662211131111
117665554567775222331111
288766655479986312222221
299877668598788223332422
557998777880007244423333
601589887900001554444443
700037895700000645555244
800000478000000456689555
700014804000008577766665
500334955000009988877766
000329944200006899988477
000429992380000067799988
000417723390000820007899
000566534480000987000007
000514344530000050001110
000533445500000000111112
000632455670000011112222
200322556688000711222233
100411566796000822233334
100115667870000633334444
100526678750000034444455
290055786500000004555556
370056865300000055556666
470067754000000066667777