452118112112226644425555
453221111123331333224444
344322211135542243333334
365433227157874332223133
198654338400008311132222
205975443600005111111112
300078759000003211111311
400010887000004112245111
800341400000014133322221
900271599100005544433322
000265588300000065544833
000166663240000210005544
000158832250000463001000
000199921170000070014321
000148211100000000145554
000177111120000012544443
200276111231000454443333
600266112247000344333322
500155122359000433322221
400441223480000022221111
420032234800000021111111
360011349900000001111112
280012499000000011112222
180023898000000002223333