876771879876666688897777
875667778765557999998888
944566677853346989999998
923455661730014999999899
731234551000001988899999
600013445000007778888889
500001130000009687777988
400086000000008876643777
100088475000004755566667
300958333800000344455566
500963344900000500004455
400862229940000087000000
400871199930000060008765
500722398810000000488998
600784988760000006887778
700755887794000789788889
900656877658000878889999
600966776641000088999999
730077766530000099999998
860087665400000009998888
890096650000000008888877
924007500000000028777776
915076400000000007776666
816065000000000006665555