328775675678881133352222
329887776789997444553333
499988877698898534444443
478999886784200005554644
735789995532100006645555
841000999321000006666665
941000004211000007777466
941000520000000008898777
531000979310000009988887
330006833632100000999988
920008822432100000000199
920007774595210000032100
920005545584210000032100
920004356663100000001000
830002566783100000000003
730001667759210000000334
531001677896420000034444
141001778896421000044455
282002788984211000055556
383000889932110000056666
354100893221100000006677
479200932211000000007778
559300021110000000008888
658310011000000000000999