217666564567771122241111
218776665678886333442222
399877766589997403333332
389988777695310000443533
646899886643210000534444
752100098432100000555554
852000000322100000666355
952000631000000000799666
642000968421000000877776
441000944543200000008877
831000933343210000000088
931000883496321000003210
931000634495321000003211
831000445574210000000110
741000455674210100000000
641000556649320000000003
442000566785531000003333
152000667797532100003344
193000677895322100004445
274100778943221000000555
245200784332211000000566
389300043322110000000667
468410032221100000000077
567420022111000000000088