234339231234444422213333
235443332345553111100022
166544433257764121000002
187655449378643210000001
379820000976542100000001
485420000065432100000001
585320000110021000000002
685310000322100000000033
975310005754321000000003
774310007276533210000000
564210006176543210000000
664210001169654321000000
664210001178654321000000
564210002297543221000000
474210002347543210010000
374210003316653210010000
175310003452864321000000
485310004469865432100000
376310004578655432110000
247420005676554332110000
218520007665544321100000
186631000655443221000000
195742000554433210000000
294753100444332100000000