893444510000000988869943
892334420000000007665421
711233320000001600000321
721122420000021111500000
464286500000032221111110
358986400000043332222111
258986400000055443332221
158975300000766555443221
468975300000987666554332
669975200000899876544332
279875200000899876554332
179875200000789987665443
179875200000789987665433
279875200000899887654432
369875200000899876654322
469875300000789876654322
668975300000579987654332
958975300000578998765432
917976400000788998776543
836986400000889998776554
865886510000899987766544
721797520000999887665543
642698640000999876655443
543689750000098766554433