994553620000000000000054
993445530000001118700000
822344430000002711111430
811233530000002222611111
553197600000003332222221
447897500000054443333222
347997500000066554443332
247986400000077666554332
357986400000098777665443
558986300000099987655443
368986300000089987665443
268986300000078998776554
268986300000078998776544
368986300000789998765543
458986300000789987765433
558986400000679987765433
757986400000468998765443
847986400000067899876543
916987500000077899887654
945897510000078999887665
974797620000088998877655
812698630000089998776654
733589750000099987766554
634579860000099877665544