767881950000000000333387
766778860000000000933333
855677760000000000444763
834566860000000005944444
821379920000000005555554
714579810000000006666555
614679810000000007776665
514689710000000009887665
124689710000000009998776
225689600000000009988776
635789600000000009998776
535789610000000008999887
535789610000000008999877
635789610000000078998876
725789610000000089998766
825789710000000089998766
924689710000000078998776
514689720000000067899876
643689830000000007889987
772579840000000007889998
791479950000000008899988
835368960000000008999987
916257980000000009999887
917246891000000009998877