328775693210000000000000
329887793210000000000000
499988893210000000000000
478999793210000000000000
735735663210000000000000
841135753210000000000000
941235753210000000000000
941246853210000000000009
531246853210000000000009
331246943210000000000009
921346943210000000000009
921346953210000000000008
921346953210000000000008
921346953210000000000009
831346953210000000000009
731346853210000000000009
531246853210000000000009
141246863210000000000009
282245773210000000000008
383135783210000000000007
354135693210000000000007
479224694210000000000008
559313574210000000000008
658312465210000000000008