217666594320000000000000
218776684320000000000000
399877784320000000000000
389988684320000000000000
646824574320000000000000
752124664320000000000000
852124664320000000000000
952135764320000000000000
642135764320000000000000
441135854320000000000000
831235854320000000000000
931235864320000000000000
931235864320000000000000
831235864320000000000000
741235864320000000000000
641235764320000000000000
442135764320000000000000
152135774320000000000000
193134684320000000000000
274124694320000000000000
245224594320000000000000
389313585321000000000000
468412465321000000000000
567421356321000000000000