125448376542000000000000
126554466542000000000000
177655566542000000000000
198766466542000000000000
468912396542000000000000
574312486542000000000000
674212486542000000000000
774213586542000000000000
864213586542000000000000
663213676542000000000000
653113676542000000000000
753113686542000000000000
753113686542000000000000
653113686542000000000000
563113686542000000000000
463113586542000000000000
264213586542000000000000
374213596542000000000000
285212496542000000000000
156312486542000000000000
127412376542000000000000
197521367543000000000000
286631247543000000000000
385642138543000000000000