234339267653000000000000
235443357653000000000000
166544457653000000000000
187655357653000000000000
379821297653000000000000
485421397653000000000000
585321397653000000000000
685312497653000000000000
975312497653000000000000
774312587653000000000000
564212587653000000000000
664212597653000000000000
664212597653000000000000
564212597653000000000000
474212597653000000000000
374212497653000000000000
175312497653000000000000
485312497653000000000000
376311387653000000000000
247421377653000000000000
218521267653000000000000
186631258654000000000000
195742138654000000000000
294753129654000000000000