985662734568000000000000
984556644568000000000000
933455544568000000000000
912344644568000000000000
642198714568000000000000
536798624568000000000000
436898624568000000000000
336897524568000000000000
246897524568000000000000
447897434568000000000000
457997434568000000000000
357997424568000000000000
357997424568000000000000
457997424568000000000000
547997424568000000000000
647997524560000000000000
846897524500110000000000
736897514000211000000000
825898610000321100000000
954798621000432000000000
983698732000543000000000
913589743000554000000000
824479864100665000000000
725468975100766000000000