549993871124000000000000
548999981124000000000000
677899981124000000000000
656788981124000000000000
913557841124000000000000
922357931124000000000000
822457931124000000000000
722468931124000000000000
312468931124000000000000
113468821124000000000000
813568821100100000000000
713568831100210000000000
713568831000321000000000
813568831000332000000000
913568831000440000000000
913568931100440000000000
712468931000551000000000
322468943000655000000000
461467954000765000000000
591357965200870000000000
572257876300980000000000
657146887400990000000000
738135798500990000000000
839124689000892000000000