328775693212000000000000
329887793212000000000000
499988893212000000000000
478999793212000000000000
735735663212000000000000
841135753212000000000000
941235753212000000000000
941246853212000000000000
531246853210100000000000
331246943200210000000000
921346943000321000000000
921346953000432000000000
921346953000540000000000
921346953100550000000000
831346953200660000000000
731346853000662000000000
531246853000773000000000
141246865000877000000000
282245776200980000000000
383135787400990000000000
354135698500890000000000
479224699600880000000000
559313579000772000000000
658312468000674000000000