217666594321000000000000
218776684321000000000000
399877784321000000000000
389988684321000000000000
646824574321000000000000
752124664321000000000000
852124664321000000000000
952135764321000000000000
642135764300210000000000
441135854000321000000000
831235854000432000000000
931235864000543000000000
931235864100650000000000
831235864200660000000000
741235864300771000000000
641235764000773000000000
442135764000884000000000
152135776100980000000000
193134687300990000000000
274124698500890000000000
245224599600780000000000
389313589700770000000000
468412468000663000000000
567421357000565000000000