116557485431000000000000
117665575431000000000000
288766675431000000000000
299877575431000000000000
557913485431000000000000
663213575431000000000000
763113575431000000000000
863124675430100000000000
753124675000321000000000
552124765000432000000000
742124765000543000000000
842124775100650000000000
842124775200760000000000
742124775300770000000000
652124775000882000000000
552124675000884000000000
353124675000995000000000
263124687200990000000000
194123598400890000000000
165213599600780000000000
136313489700670000000000
298412478800660000000000
377521357000554000000000
476531246000456000000000