125448376542000000000000
126554466542000000000000
177655566542000000000000
198766466542000000000000
468912396542000000000000
574312486542000000000000
674212486542000000000000
774213586500210000000000
864213586000432000000000
663213676000543000000000
653113676000654000000000
753113686200760000000000
753113686300870000000000
653113686400880000000000
563113686000993000000000
463113586000995000000000
264213586000996000000000
374213598300890000000000
285212499500780000000000
156312489700670000000000
127412378800560000000000
197521367000551000000000
286631246000445000000000
385642135000347000000000