234339267653000000000000
235443357653000000000000
166544457653000000000000
187655357653000000000000
379821297653000000000000
485421397653000000000000
585321397650100000000000
685312497600320000000000
975312497000543000000000
774312587000650000000000
564212587000765000000000
664212597300870000000000
664212597400980000000000
564212597500990000000000
474212597000994000000000
374212497000996000000000
175312497000887000000000
485312499400780000000000
376311389600670000000000
247421378800560000000000
218521267900450000000000
186631256000442000000000
195742135000336000000000
294753124000238000000000