343229158764000000000000
344332248764000000000000
255433348764000000000000
276544248764000000000000
289731188764000000000000
396531298764000000000000
496431298760200000000000
596421398700430000000000
986421398000650000000000
885421498000761000000000
475321498100870000000000
575321498400980000000000
575321498500990000000000
475321498600990000000000
385321498000885000000000
285321398000887000000000
186421398000778000000000
596421389500670000000000
467421278700560000000000
338531267900450000000000
319631156900340000000000
275742145000333000000000
194853124000227000000000
193864213000129000000000