561117239986000000000000
562111129986000000000000
433211129986000000000000
454322129986000000000000
197553269986000000000000
188753179986000000000000
288653179910400000000000
388642179900650000000000
798642179200870000000000
997642289100980000000000
297542289300990000000000
397542279600890000000000
397542279700780000000000
297542279800770000000000
197542279100667000000000
197542179000669000000000
398642179000559000000000
788642167700450000000000
649643156900340000000000
519753145800230000000000
538853234700120000000000
453964223100110000000000
372975312000119000000000
271986421000218000000000