782335417898000000000000
781223317898000000000000
611122217898000000000000
632111317898000000000000
375375447898000000000000
269975357898000000000000
169875357830600000000000
169864257800870000000000
579864257400990000000000
779864167300890000000000
189764167500780000000000
189764157800670000000000
189764157900560000000000
189764157900550000000000
279764157300440000000000
379764257000448000000000
579864257000337000000000
969864245900231000000000
828865334800120000000000
727975323600110000000000
756975412500210000000000
631886411300220000000000
551797531000338000000000
452798642000436000000000