876771843457000000000000
875667753457000000000000
944566653457000000000000
923455753457000000000000
731289813457000000000000
625689713457000000000000
525789713471900000000000
425798613400780000000000
135798613800560000000000
336798523700450000000000
546898523900340000000000
446898513700230000000000
446898513600120000000000
546898513500110000000000
636898513700110000000000
736898613000114000000000
935798613000223000000000
625798611000325000000000
734799721400430000000000
863689732200540000000000
892589843100650000000000
924479854700660000000000
915368975000774000000000
816357986000872000000000