328775693212000000000000
329887793212000000000000
499988893212000000000000
478999793212000000000000
735735663212000000000000
841135753212000000000000
941235753276000000000000
941246853200230000000000
531246853600110000000000
331246943700212000000000
921346943500325000000000
921346953200430000000000
921346953100540000000000
921346953100550000000000
831346953700660000000000
731346853400662000000000
531246853000773000000000
141246865000879000000000
282245776200985000000000
383135787000993000000000
354135698500890000000000
479224699700880000000000
559313579400772000000000
658312468000674000000000