217666594321000000000000
218776684321000000000000
399877784321000000000000
389988684321000000000000
646824574321000000000000
752124664321000000000000
852124664367000000000000
952135764300120000000000
642135764500211000000000
441135854600323000000000
831235854400436000000000
931235864100541000000000
931235864100650000000000
831235864200660000000000
741235864600771000000000
641235764500773000000000
442135764000884000000000
152135776000988000000000
193134687000996000000000
274124698000894000000000
245224599000780000000000
389313589600770000000000
468412468500663000000000
567421357000565000000000