125448376542000000000000
126554466542000000000000
177655566542000000000000
198766466542000000000000
468912396542000000000000
574312486542000000000000
674212486549000000000000
774213586510210000000000
864213586300433000000000
663213676400545000000000
653113676200658000000000
753113686200763000000000
753113686320870000000000
653113686420880000000000
563113686400991000000000
463113586700995000000000
264213586000996010000000
374213598000896210000000
285212499000788100000000
156312489000676100000000
127412378000561000000000
197521367400550000000000
286631246700445000000000
385642135000347000000000