234339267653000000000000
235443357653000000000000
166544457653000000000000
187655357653000000000000
379821297653000000000000
485421397653000000000000
585321397639000000000000
685312497620320000000000
975312497210544000000000
774312587300656000000000
564212587100769000000000
664212597310874000000000
664212597430981000000000
564212597530990000000000
474212597300992000000000
374212497800996000000000
175312497000887000000000
485312499100785020000000
376311389000679210000000
247421378000567200000000
218521267100452000000000
186631256300441000000000
195742135800336000000000
294753124000238000000000