343229158764000000000000
344332248764000000000000
255433348764000000000000
276544248764000000000000
289731188764000000000000
396531298764000000000000
496431298728000000000000
596421398731430000000000
986421398120655000000000
885421498200767000000000
475321498100879000000000
575321498420985000000000
575321498540992000000000
475321498640990000000000
385321498200883000000000
285321398900887000000000
186421398100778000000000
596421389200674000000000
467421278100569320000000
338531267100458300000000
319631156200343100000000
275742145200332000000000
194853124900227000000000
193864213000129000000000