452118149875000000000000
453221139875000000000000
344322239875000000000000
365433139875000000000000
198642179875000000000000
297642189875000000000000
397542189817000000000000
497531289840541000000000
897531289130766000000000
996531399100878000000000
386431399200988000000000
486431389530996000000000
486431389650893000000000
386431389700880000000000
296431389100774000000000
196431289900778000000000
297531289210669000000000
697531278310563110000000
558532167200458030000000
429642156200349000000000
429742145300234000000000
364853134100223000000000
283964213900118000000000
182975312000119000000000