782335417898000000000000
781223317898000000000000
611122217898000000000000
632111317898000000000000
375375447898000000000000
269975357898000000000000
169875357834000000000000
169864257873000000000000
579864257462000000000000
779864167311000000000000
189764167510785000000000
189764157810679000000000
189764157900566000000000
189764157900552102000000
279764157320447232000000
379764257630448003000000
579864257540330001000000
969864245640231001000000
828865334530122001000000
727975323520111000000000
756975412620211000000000
631886411310226000000000
551797531610338000000000
452798642200436000000000