876771843457000000000000
875667753457000000000000
944566653401000000000000
923455753401000000000000
731289813401000000000000
625689713401000000000000
525789713401000000000000
425798613487000000000000
135798613890000000000000
336798523750000000000000
546898523950000000000000
446898513700000000000000
446898513600000000000000
546898513500000000000000
636898513100100000000000
736898613000110000000000
935798613000220000000000
625798611000320000000000
734799721000430000000000
863689732000540000000000
892589843900650000000000
924479854700660000000000
915368975200774000000000
816357986600872000000000