767881952346000000000000
766778862346000000000000
855677762312000000000000
834566862302000000000000
821379922302000000000000
714579812302000000000000
614679812302000000000000
514689712308000000000000
124689712901000000000000
225689612860000000000000
635789612960000000000000
535789612600000000000000
535789612500000000000000
635789612400000000000000
725789612200000000000000
825789712100220000000000
924689712000330000000000
514689721000430000000000
643689832000540000000000
772579843000650000000000
791479954000760000000000
835368965800770000000000
916257986000880000000000
917246897700981000000000