658992961235000000000000
657889971235000000000000
766788871223000000000000
745677971203000000000000
912468931203000000000000
813468921203000000000000
713568921203000000000000
613579821209000000000000
213579821902000000000000
114579711901000000000000
724679711870000000000000
624679721500000000000000
624679721400000000000000
724679721300000000000000
814679721300000000000000
914679821200300000000000
813579821000440000000000
413579832000540000000000
552578943000650000000000
681468954000760000000000
681368965000800000000000
746257976900880000000000
827146897100990000000000
928135798800990000000000