439884782113000000000000
439998892113000000000000
588999992145000000000000
567899892105000000000000
824646752105000000000000
931246842105000000000000
931346842105000000000000
831357942108000000000000
421357942704000000000000
222357932803000000000000
912457932600000000000000
812457942300000000000000
812457942200000000000000
912457942100000000000000
922457942500000000000000
822457942400000000000000
621357942000600000000000
231357954000760000000000
371356865000870000000000
492246876000980000000000
463146787000900000000000
568135798000900000000000
649224689000880000000000
749213579000780000000000