125448376540000000000000
126554466540000000000000
177655566580000000000000
198766466540000000000000
468912396500000000000000
574312486500000000000000
674212486500000000000000
774213586500000000000000
864213586300000000000000
663213676400000000000000
653113676200000000000000
753113686200000000000000
753113686300000000000000
653113686000000000000000
563113686000000000000000
463113586000000000000000
264213586002900000000000
374213598002800000000000
285212490002700000000000
156312489002600000000000
127412378002500000000000
197521367002500000000000
286631246002400000000000
385642135002300000000000