452118149870000000000000
453221139870000000000000
344322239880000000000000
365433139800000000000000
198642179800000000000000
297642189800000000000000
397542189800000000000000
497531289800000000000000
897531289100000000000000
996531399100000000000000
386431399200000000000000
486431389500000000000000
486431389000000000000000
386431389000000000000000
296431389000000000000000
196431289003000000000000
297531280005600000000000
697531270005500000000000
558532160005400000000000
429642150005300000000000
429742140005000000000000
364853130005200000000000
283964210005100000000000
182975312005100000000000