561117239980000000000000
562111129980000000000000
433211129970000000000000
454322129900000000000000
197553269900000000000000
188753179900000000000000
288653179900000000000000
388642179900000000000000
798642179200000000000000
997642289100000000000000
297542289300000000000000
397542279000000000000000
397542279000000000000000
297542279000000000000000
197542279000000000000000
197542170004100000000000
398642170006500000000000
788642160006400000000000
649643150006300000000000
519753140006200000000000
538853230006000000000000
453964220006100000000000
372975310006100000000000
271986420006200000000000