782335417800000000000000
781223317800000000000000
611122217800000000000000
632111317000000000000000
375375447000000000000000
269975357000000000000000
169875357000000000000000
169864257000000000000000
579864257000000000000000
779864167000000000000000
189764167000000000000000
189764157000000000000000
189764150000000000000000
189764150010000000000000
279764150021000000000000
379764250026100000000000
579864250028300000000000
969864240028000000000000
828865330028000000000000
727975320028000000000000
756975410028000000000000
631886410028000000000000
551797530028300000000000
452798640028400000000000