994553625000000000000000
993445535000000000000000
822344430000000000000000
811233530000000000000000
553197620000000000000000
447897530000000000000000
347997535000000000000000
247986435100000000000000
357986435100000000000000
558986345110000000000000
368986341110000000000000
268986331110000000000000
268986330121100000000000
368986330132100000000000
458986330143100000000000
558986430148300000000000
757986430149000000000000
847986420149000000000000
916987510149000000000000
945897510149000000000000
974797621149100000000000
812698631149200000000000
733589752149000000000000
634579862149100000000000