876771843000000000000000
875667753000000000000000
944566652000000000000000
923455751000000000000000
731289812000000000000000
625689712000000000000000
525789713000100000000000
425798613000110000000000
135798613000010000000000
336798523012210000000000
546898523132211000000000
446898513332211000000000
446898511343311000000000
546898511354310000000000
636898511365300000000000
736898612369500000000000
935798611367100000000000
625798610367200000000000
734799722367210000000000
863689732367200000000000
892589840367300000000000
924479850367410000000000
915368970367211000000000
816357981367301100000000