658992960000000000000000
657889970000000000000000
766788870000000000000000
745677970000000000000000
912468930000000000000000
813468920000000000000000
713568920000000000000000
613579820111000000000000
213579820222000000000000
114579711234400000000000
724679715354400000000000
624679720554400000000000
624679720065500200000000
724679720076532100000000
814679720087521000000000
914679820587710000000000
813579823585320000000000
413579832585400000000000
552578944585410000000000
681468954585421000000000
681368960585502100000000
746257970585600000000000
827146892585400000000000
928135793585500000000000