217666590000000000000000
218776680000000000000000
399877780000000000000000
389988680000000000000000
646824570000000000000000
752124602310000000000000
852124604440000000000000
952135704550000000000000
642135704660000000000000
441135854670000000000000
831200009700000000000000
931200003998000000000000
931235003490000000000000
831235802489000000000000
741235801478100000000000
641235701973800000000000
442135707970000000000000
152135006970000000000000
193134008970000000000000
274124008970000000000000
245224004971000000000000
389313004971000000000000
468412006970000000000000
567421007970000000000000