234339262100000000000000
235443352100000000000000
166544452100000000000000
187655352100000000000000
379821291021000000000000
485421321041000000000000
585321210071100000000000
685322210082100000000000
975321010092110000000000
110000000010010000000000
000010000033010000000000
664232100078210000000000
664212100063210000000000
564212100000210000000000
474212100000210000000000
374212100000211000000000
175312100010000000000000
485311100010000000000000
376311000010000000000000
247421000041000000000000
218520000021000000000000
186631000011000000000000
195742100721000000000000
294752100721000000000000