343229153211000000000000
344332243211000000000000
255433343211000000000000
276544243211000000000000
289731182132110000000000
396531232150110000000000
496431321100210000000000
596431321100211000000000
986432120100221000000000
221000000000101100000000
000000000000101100000000
575340211000321100000000
575321211000321100000000
475321211000021100000000
385321211000021100000000
285323211000002100000000
186423211000101100000000
596422210000100000000000
467422110000100000000000
338532110000100000000000
319631100000110000000000
275742110000110000000000
194853211002110000000000
193863211002110000000000