452118144322100000000000
453221134322100000000000
344322234322100000000000
365433134322110000000000
198642173243221100000000
297642143261221100000000
397542432211021100000000
497541432211022110000000
897543231200032111000000
332110000000012001000000
000000000000012001000000
486451322100032211000000
486431322110032211000000
386431322110000211000000
296431322110000210000000
196434322110000210000000
297534322110012210000000
697533321100011001000000
558533221100011000000000
429643221100011100000000
429742211100021100000000
364853221100021100000000
283964322110021100000000
182974322110021100000000