782335417655433322211100
781223317655433322211100
611122217655433322211100
632111317655443322211100
375375446576554433322211
269975376594554233122211
169875765544322231120011
169874765544352241122021
579876564533322211100022
665443332221111000000012
332221111000000000000012
189784655433322211100022
189764655443322241130022
189764655443322241130020
279764655443321211120010
379767655443322211120010
579867655443322211120011
969866654433322211100011
828866554433322211100021
727976554433322211100011
756975544433322211100011
631886554433322211100011
551797655443322211120011
452797655443352231110001