985662739988766655544433
984556649988766655544433
933455549988766655544433
912344649988776655544433
642198719899887766655544
536798699877887566455544
436898998877655564453344
336897998877685574455352
246899897866655544433352
998776665554444333322211
665554444333222111000000
357987988766655544403120
357997988776655574463352
457997988776655574463353
547997988776654544453342
647999988776655544453342
846899988776655544453342
736899987766655544433342
825899887766655544433322
954799887766655544433322
983698877766655544433322
913589887766655544433322
824479988776655544453342
725469988776685564443334