658992966788999988877766
657889976788999988877766
766788876788999988877766
745677976788999988877766
912468937867889999988877
813468967849889899788877
713568678899988897786677
613569678899988897788685
213567879899988877766685
778999998887777666655544
998887777666555444321122
624659788999988877700000
624679788999988897790000
724679788999988897796686
814679788999987877786675
914676788999988877786675
813576788999988877786675
413577789999988877766675
552577889999988877766655
681467889999988877766655
681368899999988877766655
746257889999988877766655
827146788999988877786675
928136788999988897776667