125448371122344455566677
126554461122344455566677
177655561122344455566677
198766461122334455566677
468912391211223344455566
574312411233223544655566
674212112233455546657766
774213112233425536655758
864211213244455566677758
112334445556666777788899
445556666777888099987788
753123122344455000655666
753113122334455000013555
653113122334455000002345
563113122334456000001234
463111122334455000000123
264211122334455500000112
374211123344455560000012
285211223344455560000001
156311223344455566000001
127412233344455566600000
197521223344455566600000
286631122334455566650000
385641122334425546667000