671226326544322211111122
671112216544322211111122
522111116544322211111122
543211216544332211111122
286464355460443322211111
179864265480003122111111
179764654430001121112211
279763654430000131111213
689765453420000211122213
554332221111000022233344
221111111222000024567766
298673544320000013199888
298653544332000012468999
198653544332000012357899
188653544332000012346789
288656544332000012345678
489756544332000012345667
879755543322000012334567
739755443322000012234556
618865443322000011234456
647964433322200011233455
542975443322200011223445
461886544332200001223445
361896544332200001223344