893444518766544433322211
892334428766544433322211
711233328706544433322211
721122428700054433322211
464286537600065544433322
358986487600015344233322
258986876600003342231122
158985876650002352233131
468987675640001422211131
776554443300000211111122
443332222100000242345544
179895766540000235277666
179875766550000234689777
279875766550001234579987
369875766550001234568998
469878766550001234567899
668978766550001234567889
958977765500001234556789
917977665500001234456778
836987665500001233456678
865886655500001233455677
721797665500001233445667
642698766500001223445667
543688766500001223445566