549993875677899999988877
548999985677899999988877
677899985607899999988877
656788985600389999988877
913557846000078899999988
922357956000078999899988
822457567700039998897788
722458567780008988899796
312456768790007988877796
667889999900002877766655
999998888700000895432233
713548677800000898811111
713568677800000899753111
813568677880000899864321
913568677880000899875432
913565677880007899876543
712465677800007899876554
322466678800007899887654
461466778800007899987665
591356778800007899987765
572257788800007899988766
657146778800007899998776
738135677800007889998776
839125677800007889998877