234339262111233344455566
235443352111233344455566
166544452101233344455566
187655352000923344455566
379821291000012233344455
485421321000062433544455
585321211000004435546655
685322211000005425544647
975321112100006355566647
111223334430008566677788
334445555600000538998899
664232111200000542566777
664212111200000543124666
564212111200000543213456
474212111200000543212345
374212111200000543211234
175312111000000543211223
485311110000000543221123
376311110000000543321112
247421100200006544321112
218521100200006544322111
186631112200006544332111
195742111200006554332111
294752111200006554332211