343229153211122233344455
344332243211122233344455
255433343201122233344455
276544243000912233344455
289731182000011122233344
396531232000051322433344
496431321000003324435544
596431321000004314433536
986432121100005244455536
221112223340009455566677
223334444500000427899999
575341211100000431477888
575321211100000432135777
475321211100000432124567
385321211100000432113456
285323211100000432112345
186423211000000432112334
596422210000000432111234
467422100100000432211223
338532101300005433211123
319631101300005433211122
275742111100005433221112
194853211100005443221112
193863211100005443221111