452118144322111122233344
453221134322111122233344
344322234300111122233344
365433134000811122233344
198642173000021111122233
297642143000041211322233
397542432000002213324433
497541432000003213322425
897543231200004133344425
332111112250009344455566
112223333400000316789988
486451322100000321388999
486431322100000321246888
386431322100000321135678
296431322100000321124567
196434322100000321123456
297534322000000321123445
697533320000000321112345
558533200200000321112334
429643202400004322112234
429742202400004322111233
364853221100004322111223
283964322100004332111223
182974322100004332111122