561117235433211111122233
562111125433211111122233
433211125400211111122233
454322125000721111122233
197553264000032211111122
188753154000032111211122
288653543000001112213322
388652543000002122211314
798654342300003122233314
443221111160008233344455
111112222300000215678877
397562433200000212299999
397542433200000211357999
297542433200000211246789
197542433200000211235678
197545433200000211234567
398645430000000211234556
788644400100000211223456
649644001300000211123445
519754003500003211123345
538853313500003211122344
453964332200003211112334
372975433200003221112334
271985433200003221112233