671226326544322211111122
671112216544322211111122
522111116500322211111122
543211216100632211111122
286464355000043322211111
179864265000023122111111
179764654000001121112211
279763654100001131111213
689765453400002211122213
554332221170007122233344
221111111200001124567766
298673544300000113199888
298653544300000112468999
198653544300000112357899
188653544300000112346789
288656544000000112345678
489756500000000112345667
879755000200000112334567
739755002400000112234556
618865014600002111234456
647964424600002111233455
542975443300002111223445
461886544300002111223445
361896544300002111223344