876771848999877766655544
875667758999877766655544
944566658940877766655544
923455758600087766655544
731289819000098877766655
625689789000008677566655
525789899000006675564455
425788899600005685566463
135789998900004755544463
999887776670002544433322
776665555400006572112211
446878999800000568544333
446898999800000567986444
546898999800000567897654
636898999000000567898765
736890000000000567899876
935790011100000567899887
625792235700000567889987
734793357900000567789998
863689569800004566789998
892589979800004566788999
924479998800004566778999
915368999800004556778999
816358999800004556778899