658992966788999988877766
657889976788999988877766
766788876760999988877766
745677976800099988877766
912468937200089999988877
813468967000009899788877
713568678000008897786677
613569678800007897788685
213567879800006977766685
778999998850001766655544
998887777600008794321122
624659788900000789722111
624679788900000789864222
724679788000000789975432
814670000000000789986543
914600000000000789987654
813572233300000789987665
413574457900000789998765
552575579800000789998776
681467788600006788998876
681368898600006788999877
746257889900006788999887
827146788900006778999887
928136788900006778999988