549993875677899999988877
548999985677899999988877
677899985670099999988877
656788985900089999988877
913557846300078899999988
922357956000008999899988
822457567000009998897788
722458567900008988899796
312456768700007988877796
667889999940002877766655
999998888700009895432233
713548677800000898811111
713568677800000899753111
813568677000000899864321
913560000000000899875432
913510000000000899876543
712463344400000899876554
322465568900000899887654
461466689700000899987665
591356897500007899987765
572257797500007899988766
657146778800007899998776
738135677800007889998776
839125677800007889998877