328775693455677788899999
329887793455677788899999
499988893490077788899999
478999793800067788899999
735735664500056677788899
841135734000006877988899
941235345000008879989999
941236345800009869988988
531234546500009799999988
445667778820004999988877
778889999900008977654455
921326455600000986922333
921346455000000987531222
921346455000000987642112
831300000000000987653211
731332100000000987654321
531245566600000987654332
141247789700000987665432
282248897500000987765443
383134985300009988765543
354135575300009988766544
479224556600009988776554
559313455600009998776554
658313455600009998776655