217666592344566677788899
218776682344566677788899
399877782390066677788899
389988682700056677788899
646824573600045566677788
752124623000005766877788
852124234000007768879988
952125234700008758877979
642123435400009688899979
334556667710005899999988
667778888900007868765566
931215344500000875833444
931235344000000876421333
831235344000000876531123
741200000000000876542112
641243200000000876543211
442136677700000876543221
152138898600000876554321
193139986400000876654332
274123874200009877654432
245224464200009877655433
389313445500009877665443
468412344500009887665443
567422344500009887665544