116557481233455566677788
117665571233455566677788
288766671280055566677788
299877571600045566677788
557913482700034455566677
663213512000004655766677
763113123000006657768877
863114123600007647766869
753112324300008577788869
223445556610006788899999
556667777800006759876677
842114233400000764744555
842124233000000765312444
742124233000000765421234
652100000000000765431123
552154300000000765432112
353127788800000765432111
263129997500000765443211
194129975300000765543221
165212763100008766543321
136313353100008766544322
298412334400008766554332
377521233400008776554332
476531233400008776554433