782335417655433322211111
781223317655433322211111
611122217610033322211111
632111317200043322211111
375375446000054433322211
269975376000004233122211
169875765000002231121111
169874765200001241122122
579876564500001311111122
665443332280006111122233
332221111100002133456655
189784655400000124188777
189704655000000123579888
189710055000000123468998
279775000000000123457899
379778940700000123456789
579865544400000123456778
969863321300000123445678
828862213500000123345667
727976125700000122345567
756975535700001122344566
631886554400001122334556
551797655400001112334556
452797655400001112334455