328775693455677788899999
329887793455077788899999
499988893400007788899999
478999793800067788899999
735735664000006677788899
841135734000006877988899
941235345100008879989999
941236345800009869988988
531234546540009799999988
445667778800000999988877
778889999900000977654455
921320455000000986922333
921360455000000987531222
921300055000000987642112
831335000000000987653211
731332120300000287654321
531245566600000987654332
141247789700000987665432
282248897500000987765443
383134985300000988765543
354135575300000988766544
479224556000000988776554
559313455000000998776554
658313455000000998776655