125448371122344455566677
126554461122104455566677
177655561000000455566677
198766461000004455566677
468912391300003344455566
574312411100003544655566
674212112400005546657766
774213112500006536655758
864211213200000466677758
112334445500000677788899
445500666700000649987788
753100022000000053655666
753190122000000054213555
653100022000000054312345
563112000000000054321234
463165400000000554321123
264218899900000054321112
374219986400000054332112
285218864200002054432111
156311652100000055432211
127412242100000055433211
197521223000000655443221
286631122000000665443221
385641122000000665443322