343229153211122233344455
344332243211321233344455
255433343000100233344455
276544243000000233344455
289731182500001122233344
396531232300001322433344
496431321600003324435544
596431321300004314433536
986430121100001244455536
221110023300000455566677
223300044000000427899999
575300011000000231477888
575380211000000232135777
475300011000000232124567
385330000000000232113456
285387600000000732112345
186429988800000032112334
596427764200000002111234
467426642100004100211223
338532431300000200211123
319631121300000233211122
275742111000000433221112
194853211000000443221112
193863211000000443221111