671226326544322211111122
671112216544654211111122
522111116300430211111122
543211216200000211111122
286464355800000322211111
179864265600000122111111
179764654900000121112211
279763654100001131111213
689760453400004211122213
554300021000003122233344
221100012000001124567766
298600044000000513199888
298650540000000512468999
198600340000000512357899
188660000000000512346789
288689900000000012345678
489756655500000002345667
879754431200003100334567
739753312400007410034556
618865114600000531234456
647964424600000511233455
542975443000000111223445
461886544000000111223445
361896544000000011223344