782335417655433322211111
781223317655765322211111
611122217400540322211111
632111317300000322211111
375375446900000433322211
269975376700000233122211
169875765900000231121111
169874765200001241122122
579870564500005311111122
665400032000004111122233
332200013000002133456655
189700050000000624188777
189740650000000623579888
189700450000000623468998
279770000000000623457899
379778900000000123456789
579865540000000003456778
969863321300004200045678
828862213500008520045667
727976125700000642345567
756975535700000622344566
631886554000000122334556
551797655000000112334556
452797655000000012334455