893444518766544433322211
892334428766876433322211
711233328500650433322211
721122428400000433322211
464286537910000544433322
358986487800000344233322
258986876800000342231122
158985876300002352233131
468980675600006422211131
776510043000005211111122
443300024000003242345544
179800060000000735277666
179830760000000734689777
279800560000000734579987
369880000000000734568998
469867800000000034567899
668974430000000000567889
958972212000005300056789
917971124600009631056778
836987236800001753456678
865886646800000733455677
721797665000000233445667
642698766000000223445667
543688766000000023445566