767881957899988877766655
766778867899789877766655
855677767900091877766655
834566867800000877766655
821379928550000988877766
714579878700000788677766
614679789400000786675566
514673789700006796677574
124671189900009866655574
889920087400009655544433
887730068200007683211111
535740094000000879633222
535720093000000878975333
635700093000000878986543
725770000000000878997654
825723400000000008998765
924681122100002000008776
514683343100009731129876
643684468900006975399887
772578679700005897899987
791479989700000877899988
835368999000000677889998
916257899000000667889998
917247899000000267889999