328775693455677788899999
329887793455345788899999
499988893600065788899999
478999793700000788899999
735735664190000677788899
841135734300000877988899
941235345100000879989999
941237345800009869988988
531231246500005799999988
445660078800006999988877
778800097000008977654455
921300058000000486922333
921360057000000487531222
921300450000000487642112
831334000000000487653211
731332100000000000004321
531245560000001000034332
141247787500006875565432
282248897500002589765443
383134985300009468765543
354135575000000488766544
479224556000000988776554
559313455000000998776554
658313455000000698776655