217666592344566677788899
218776682344234677788899
399877782500056677788899
389988682600000677788899
646824573190000566677788
752124623200000766877788
852124234200000768879988
952128234700008758877979
642122335400004688899979
334570067900005899999988
667700086000007868765566
931200049000000375833444
931270148000000376421333
831200040000000376531123
741225000000000376542112
641243200000000000003211
442136671000002000043221
152138898000005786674321
193139986400001479854332
274123874200009357654432
245224464000000377655433
389313445000000877665443
468412344000000887665443
567422344000000787665544