893444518766544433322211
892334428705876433322211
711233328500350433322211
721122428400000433322211
464286537900000544433322
358986487800000344233322
258986876800000342231122
158980876300002352233131
468900675600006422211131
776500543000005211111122
443300424000003242345544
179810561000000735277666
179830962000000734009777
279800060000000734009987
369885000000000734008998
469867800000000009987899
668974439000008000007889
958972212000005324436789
917971124600009631256778
836987236800001753456678
865886646000000733455677
721797665000000233445667
642698766000000223445667
543688766000000323445566