994553629877655544433322
993445539806987544433322
822344439600460544433322
811233539500000544433322
553197628800000655544433
447897598900000455344433
347997987700000453342233
247990987400003463344241
357900086700007533322241
887600054000006322211111
554410035000004351234433
268920071000000846006555
268920871000000845008666
368900000000000845009876
458994000000000845109987
558956700000000000098998
757983328000007000008999
847981111000006413327899
916981135700009742167889
945898347900002864567789
974797757000000844566788
812698776000000344556778
733589877000000334556778
634579877000000234556677