876771848999877766655544
875667758928899766655544
944566658000680766655544
923455758000000766655544
731289819600000877766655
625689789800001677566655
525781899500001675564455
425780099600005685566463
135720008900009755044463
999820006200008544033322
776630057000000570012211
446841093000000960004333
446810092000000960016444
546821000000000967017654
636882100000000000028765
736834500000000000119876
935791116000000011229887
625792232000008621119987
734793357900007964289998
863689569800004986789998
892589979000000966788999
924479998000000566778999
915368999000000556778999
816358999000000156778899