234339200111230304455566
235443300082210000455566
166544400049430000455566
187655000001100000455566
379821000000000000344455
485421000000000000544455
585329000000000000546655
685329000000000000544647
975389000000000000966647
111289000000000000877788
334479600000003006898899
664268700100000007896777
664299800000000007994666
564289900000000068893456
474228980000000078982345
374276580000000089991234
175319994000000899881223
485318878000000489991123
376317753000000146821112
247421541200000124321112
218521131400004144322111
186631112200002544332111
195742111000001554332111
294752111000000954332211