561100001003200000022233
562100000000500000022233
433200000007100000022233
454300000004400000022233
197500000002210000011122
188700000000000000011122
288600000000000000003322
388600000000000000001314
798600000000000000003314
443200000000000000044455
111100000000000000078877
397530000000000000079999
397567001000000000767999
297556001000000008866789
197558000000000008755678
197599000000000007664567
398647700000000006554556
788645500000000007763456
649644400000000003523445
519754210000000021123345
538853313000000411122344
453964332000000211112334
372975433000000221112334
271985430000000021112233