890000011006532000000211
890000000013833000000211
710100000004303000000211
720100000007000000000211
464000000005500000000022
358000000003300000000022
250000000002200000000022
150000000001100000000031
400000000000100000000031
770000000000000000000122
443000000000000000000544
179000000000000000000666
170000000000000000009777
279000000000000000009987
369800000000000000008998
469800002000000000037899
668970002000000000027889
958970001000000000436789
917970000000000000256778
836987000000000000456678
865886000000000000455677
721797000000000003445667
642698000000000003445667
543688760000000003445566