001000000000010000000000
001000000000310000000000
111000000000320000000000
100000000000030000000000
000000000000000000000000
000000000000000000000000
000000000000000000000000
000000000000000000000000
000000000000000000000000
000000000000000000000000
000000000000000000000000
000000000000000000000000
000000000000000000000000
000000000000000000000000
000000000000000000000000
000000000000000000000000
600000000000200000000000
230000000001110000000000
370000000000100000000000
490000000000000000000000
460000000000000000000000
563000000000000000000065
649330000000000000000065
722223340000000333022266