212211111000000000000000
211111110000000000000000
200011110000000000000000
220001110000000000000000
220001110000000000000000
220001110000000000000000
220000100000000000000000
222000100000000000000000
222000010000000000000000
222000011000000000000000
222000011100000000000000
332000011100000000000000
333000011110000000000000
330000011110000000000000
330000011110000000000000
331000001110000000000000
330000001110000000000000
320000001200000000000000
300000002200000000000000
300000002200000000000000
300000002200000000000000
332000002200000000000000
443300222200000000000000
444300333320000000000000