323322220000000000000000
322222220000000000000000
300122220000000000000000
300002221000000000000000
330002221000000000000000
330002221000000000000000
330001211000000000000000
330000211000000000000000
330000021100000000000000
330000022100000000000000
330000022210000000000000
440000022210000000000000
440000022220000000000000
440000022200000000000000
440000022200000000000000
442000012000000000000000
440000002000000000000000
430000002000000000000000
400000003000000000000000
400000003000000000000000
400000003300000000000000
443000003300000000000000
554400333310000000000000
555400444430000000000000