545544442210000000000000
544444442210000000000000
500344442210000000000000
500024443200000000000000
500004443200000000000000
550004443000000000000000
550003433000000000000000
550000433000000000000000
550000043000000000000000
500000044000000000000000
500000044000000000000000
000000040000000000000000
000000040000000000000000
610000040000000000000000
660000010000000000000000
664000001000000000000000
661000001000000000000000
650000001100000000000000
610000005100000000000000
600000001100000000000000
600000005500000000000000
665000005520000000000000
776600555530000000000000
777620666651000000000000