878877775000000000000000
877777775000000000000000
833677775000000000000000
800057776000000000000000
800037222000000000000000
880027222000000000000000
880002222000000000000000
880000222000000000000000
800000122000000000000000
800000072000000000000000
000000077000000000000000
000000073000000000000000
000300073000000000000000
100300071000000000000000
920200041000000000000000
997000001000000000000000
994000004000000000000000
980000004000000000000000
940000008000000000000000
910000002200000000000000
900000008800000000000000
990000008850000000000000
999900888860000000000000
999950999980000000000000