999999990000000000000000
999999990000000000000000
955899990000000000000000
900079991000000000000000
900059441000000000000000
990009441000000000000000
990004441000000000000000
990000444000000000000000
910000044000000000000000
900000090000000000000000
100000090000000000000000
000000090000000000000000
000000090000000000000000
020500090000000000000000
840400060000000000000000
889000020000000000000000
886000000000000000000000
890000000000000000000000
860000000000000000000000
830000000000000000000000
800000000000000000000000
880000009000000000000000
778800999000000000000000
777870888800000000000000