999999999555443344444444
999999999555444344444444
955888999555444444444244
940788999555544444300344
930008999655544444300144
960008999655554443300044
990008999665554443300044
990008999666555443000044
910000999666555440000044
970000099666655540000004
100000099766665530000004
100000899776665530000000
200000099777666540000005
200600099877766540000155
200600099977766540000055
883000099987776540000045
886000099988776540000005
896000009998876540000005
860000009998876540000000
850000009999887540000000
800000008999986540000002
800000008899966550000035
771000008899966554003466
777800885999655555007776