787788887777665566666666
788888888777666566666666
777999888777666666666466
760099887777766666500566
750009887877766666500366
740009888877776665500266
770009887887776665500266
770000877888777665000066
730000877888777660000006
790000077888877760000000
300000077988887750002200
200000077998887750000210
100000087999888760000217
100000077999988760000377
112800077899988760000277
665000088899998760000067
668000007899998700000017
678000007789998700000007
680000007779998700000002
630000007778999700000001
600000009777898700000004
600000009977888700000057
553000009977788770005688
555600663887877777209998