565566665999887788888888
566666666999888788888888
599777666999888888888088
581007665999988888700788
571000665999988888000588
522000666999998887000488
552000665999998887000488
552000655999999887000088
551000055999999880000008
580000005999999980000000
500000005899999970000000
400000055889999970000000
300000065888999980000009
300000005788899980000599
334000005688899980000499
447000006678889900000089
449100005677889900000039
459000005567789900000009
491000000557789900000004
410000000556778900000003
410000000555679900000006
410000000755699900000179
335000007755599990007899
333400441665999999008889