232233332777889988888888
233333333777888988801888
277410333777888888012388
284210032777788880002988
294310002677788880001888
225310003677778880001788
225310002667778880001788
225200002666777880000388
284000002666777800000138
251000000666677700000023
830000000566667700000013
720010000556667700000012
610110000555666700000017
623310000455566700001277
667210000355566700000777
119200000345556700000287
116410000344556700000067
126200000234456700000037
164100000024456700000037
132000000023445700000026
140000000022346700000029
141000000022366700000497
118310000022266770019866
111131003332677770015556