121122221666778877777777
122222222666777877012777
166321022666777770123477
175321001666677700013877
185421000566677700012977
136420002566667700002877
116420001556667770002877
116300001555666700000477
195000001555666700000047
140000000555566000000034
940001000455556000010024
830020000445556600010023
720220000444555600011026
734421000344455600012366
778320000244455600001866
118310000234445600000376
115520000233445600000076
115300000123345600000046
155200000013345600000008
143000000012334600000007
150000000011235600000009
150000000011255600000086
229000000011155600000755
222100000221566660004445