434433334222334433333333
433333332222333423456333
422265432122331134567833
439765420022230123457433
449865210022230011356633
479863000022220000136733
449861000012220000012233
449210000001200000000011
411000000001200000000000
100000000011120000000000
000000000111112000000000
000000000111112000000000
000000000110111000350000
000065000110011000456722
087764000100001000345722
554754000000100000333732
551963000002100000222382
541742000002200000122232
519620000042210000011227
587310001443221200000122
593200001444321200000011
592100001444311300000001
621000000444411200000000
210000000334122200000000