656655556111112211111111
655555554111111245678111
611487654311113316789911
618987642001102345679211
628987430001100233578411
697985200001110002358511
667983000001100000234411
667431000002100000022233
633220000002100000012222
322100000002200000000111
211000000022220000000000
100000000332221000000000
000000000332223000000000
000000000330023000000000
000000000020020000000000
000000000000000000000000
000000000020020000044560
062960000000000000344451
728840000004400000133445
799530000665443000022344
785400003666542100000233
784300003666522500000023
843100000666622400000002
432000000556211400000001