898899998666554455555555
899999999666555499876555
866967899866558858765455
853567897306607899875455
843467980006600788976255
852469700006660007896155
882468000026620000789955
882986000007600000577788
888775000007600000467777
877654000007700000455666
766540000377773000245555
655440000387773000044555
554430000387773000034455
554430000380072000033444
544320000270072000023444
544320000000000000023344
443320000020020000023315
583320000000000000123336
773320000009200000124491
744920000129230000027499
739930000328937000000788
739800000888977000000078
698600000888877300000007
987400000998766300000006