343344443888999999999999
344444445808999954321999
388512345008996693211299
393112300018821054321999
393212560008801066421799
314214700008880007641699
334216000008800000765599
334568000007800000977766
366779000007800000987777
677890000017710000099888
788990000077770000099999
899990000067770000099999
999980000867770000089999
999980000060070000088999
999800000070070000008999
999800000000000000008899
998800000000000000008859
938800000000000000008888
278800000005700000009956
229400000674785000007955
234500000873487000000766
235610000333477000000176
156800000333377000000057
567900000443788000000018