545544420111223322222222
544444400071222334567222
511376500571222225678922
529876500081198750068322
539976300051108653467522
588974100071100000247622
558972300001100001123322
558321000001100000211122
522112000001100000311111
211126000001100000622111
111236000001100000632222
122335000001100000533222
223345000000000000443322
223344000000000000444333
233473000000000000374333
233462000000000000254433
334452000000000000254472
254452000006500000244441
614452000003500000243336
693453000054540000251333
694362000055440000007122
693280000055411000000812
732150000055511000000271
321330000045110000000081