656655530111112211111111
655555500081111245678111
611487600681113316789911
618987600091199860079211
628987400061109764578411
697985200081100000358511
667983400001100002234411
667431100002100001122233
633221000002100000212222
322117000002200000711111
211127000002200000721111
111226000002200000622111
112236000000000000532211
112235000000000000533222
122384000000000000483222
122373000000000000363322
223363000000000000363361
163363000007600000353331
723363000004400000352245
792564000005400000362244
785473000046530000008233
784390000066522000000923
843160000066620000000362
432240000056210000000091