676677090888776677777777
677777000048777687654777
688845600648779976543277
671345000038823462003677
661245800068813568054477
631247900048820002074377
661249000008800000998877
661898000009800000799999
699997000009800000689999
999875000009900000577888
988765000009900000567777
877666000009900000666777
776656000000000000756677
776657000000000000755666
766548000000000000845666
766559000000000000965566
665569000000000000965527
765569000000000000975558
595569000008000006976683
526768000007400002969688
517859000006000001244999
518930000006700000113399
489860000066690000001929
899680000176980000000138