656655000000000000011111
655550000000000000078111
611400000000000000009911
618000000000000000009211
620000000000000000008811
000000000000000000098771
000000000000000000094766
000000000000000000098766
000000000000000000062265
100000000003200000057115
100000000005200000034615
210000000002200000033451
210000000018800000033311
320000000018600000322334
321000000012300000212232
432000000001200002212233
443000000001122222111121
144000000000111111011122
755000000000001110000145
796500000000000000000111
785600000000000000000233
784300000000000000000000
843190000000000000007360
432240000000000000998791