767766000000000000011111
766600000000000000009111
722000000000000000009811
700000000000000000009111
700000000000000000000911
100000000000000000000881
100000000000000000000877
100000000000000000009877
110000000000000000003376
210000000000300000008226
210000000006310000005716
320000000013310000004561
320000000027700000044411
430000000029700000033445
430000000023000000023341
543000000012000000323344
554000000012000003222231
155000000011200022122233
866000000001112221111254
887000000000111110111222
876700000000000000001344
875400000000000000001111
954200000000000000006450
543150000000000000000000