878800000000000000002222
870000000000000000000222
830000000000000000000722
810000000000000000000122
810000000000000000000922
210000000000000000000992
210000000000000000000088
211000000000000000000088
221000000000000000000087
321000000000000000000337
320000000017420000000827
430000000124420000005672
430000000136610000005522
540000000139800000004556
540000001130000000004451
650000001100000000034455
660000000100000000333342
260000000120000000233344
977000000012000032222363
978000000011222221222333
967000000000111111112455
966000000000000011112222
965000000000000000015541
654100000000000000011111