999100000000000000011044
992100000000000000001004
952100000000000000000004
932110000000000000000004
932100000000000000000004
432200000000000000000084
432000000000000000000099
433000000000000000000099
443000000111000000000099
540000001122100000000059
540000011039600000000049
650000010046600000000094
650000010004400000000044
760000020007900000000078
760000020001110000000673
870000020000000000000677
880000010000000000005564
480000010000000000055566
890000012000000000044581
800000001200000000444555
800000000120000033334677
840000000012222233334444
781000000001111222233723
876111100000011111233333