676432220000000003344377
675433200000000000234337
685430000000000000023327
665400000000000000001322
665400000000000000001222
765000000000000000000111
765000000000000000000011
760000000000000000000010
770000100000000000000000
870000000000000000000000
800001000000000000000000
900002000000000000000000
000002000000000000000007
000002000000000000000008
000002000000000000000096
000002000000000000000099
100001000000000000000097
110001000000000000000899
511000200000000000000883
521100100000000000007888
532200020000000000067999
513220012000000000667777
484333001230000555561926
899444000223344444566666