565543330000000004455488
566544000000000000345448
596540000000000000034438
576500000000000000012433
576000000000000000002333
876000000000000000001222
870000000000000000000122
870000000000000000000021
800000000000000000000011
900000000000000000000000
000000000000000000000000
000010000000000000000000
000010000000000000000008
000010000000000000000007
100010000000000000000087
110010000000000000000088
211000000000000000000198
221002000000000000000999
422001000000000000001974
432200200000000000008999
443300130000000000078988
414330023000000000778888
375444012340000666672837
789555001334455555677777