454654000000000005566599
457650000000000001456559
497600000000000000145549
487000000000000000023544
480000000000000000013444
980000000000000000012333
900000000000000000001233
900000000000000000001132
000000000000000000000122
000000000000000000000111
000000000000000000000101
000000000000000000000001
100000000000000000000009
110000000000000000000016
210000000000000000000178
220000000000000000000177
322000000000000000001289
332010000000000000011988
333002000000000000012965
343301300000000000119999
354400240000000001189877
325440134000000011889999
266555023451111777783748
678666112445566666788888