000000000000001259988955
000000000000001126998995
000000000000001125699995
000000000000001123578999
000000000000000122568999
000000000000000122567888
000000000000001122356780
000000000000001122356687
000000000000001122355677
000000000000001122355666
000000000000001122345656
000000000000011122344556
000000000000011223344555
000000000000111223445561
000000000001112223445626
000000000011112234455622
100000000111122234556735
811100111111222345566433
321111111112223345567419
398221112222233455665444
399322222223335556665322
379934333333555566665555
418994578996666777768296
123884667999988888766660