000000000000112368877844
000000000000112237987884
000000000000112236798894
000000000000012234689899
000000000000011233679999
000000000000111233678999
000000000000112233467890
000000000000112233467790
000000000000112233466788
000000000001112233466777
000000000001112233456767
000000000011122233455667
000000000111122334455664
000000001111222334556671
100000011112223334556715
111111111122223345566711
211111111222233345667824
922211222222333456677322
432222222223334456678318
499332223333344566774330
489433333334446667754210
488945444444666677554440
517885689987777666659190
112775778998877777655550