000000002344556794433411
000000002334556678543441
000000002334556679854451
000000002334456678976455
000000002334455677986555
000000012344555677987023
000000023344556677800002
000000223344556677890001
000001233444556677890000
000022333445556677899000
222223334445556677899000
333333344455566677899000
333334444555566778899000
444444445555666778999000
544444455556667778999000
555555555566667789999000
655555555666677789998000
666655666666777899988000
876666666667778899987000
856776667777788999881000
845877777778889998810000
874589888888999988110000
953449976548888222210000
543339887554433333210000