000000009988776524455488
000000009998776651345448
000000009998776652134438
000000009998876654212433
000000009998877655212333
000000089988777650211799
000000099988776600003579
000000999988776600002468
000008999888776650001346
000099999887776655000246
999999998887776655000134
999999988877766650000023
999998888777766550000013
888888887777666554000012
788888877776665550000001
777777777766665540000201
677777777666655540000156
266677666666555400000146
456666666665554430000145
432556665555544320000134
443455555554442220000024
414343444444222210000013
375443212341111660000002
789553111334455550000001