000000006544332138899877
000000006554332214789887
000000006554332213478877
000000006554432211356877
000000006554433211346777
000000076544333000345865
000000065544332200047986
000000665544332200026897
000007655444332210005789
000066555443332210004689
666665554443332210003578
555555544433322200002467
555554444333322110002457
444444443333222110002456
344444433332221110002345
333333333322221110001345
233333333222211110002599
622233222222111140003589
112222222221111100002589
176112221111111200000578
187111111111113300000468
158712111111333300000357
239882356784444900000046
345992445778899000000045