000000004322111259988955
000000004332111126998995
000000004332111125699995
000000004332211123578999
000000004332211122568999
000000054322111000567643
000000043322111000069864
000000443322111100048975
000005433222111100017997
000044333221111120006897
444443332221111120005799
333333322211111100004689
333332222111111200004679
222222221111111220004678
122222211111112220004567
111111111111112200003567
111111111111122200004787
811111111111222300005797
321111111112223300004798
398221112222233400002799
399322222223335500000689
379934333333555500000579
418994578996666000000168
123884667999988000000067