000000001122334586655622
000000001112334459765662
000000001112334458976672
000000001112234456898677
000000001112233455898777
000000021122333002899311
000000011122334000397531
000000111122334000178642
000002111222334400049764
000011111223334400039864
111111112223334400018976
111111122233344400007987
111112222333344500007997
222222223333444500007998
322222233334445500207899
333333333344445500106899
433333333444455500007954
844433444444555600018964
654444444445556600027965
678554445555566000005976
667655555556668000003986
696767666666888000001897
735667898769999000000498
321557999776655000000299