000000001233445695544511
000000001223445569654551
000000001223445569965561
000000001223345567987566
000000001223344566997666
000000011233444003998212
000000012233445000496421
000000112233445000287531
000001122333445500058653
000011222334445500049753
111112223334445500029865
222222233344455000018976
222223333444455000008986
333333334444555601008987
433333344445556600308998
444444444455556600207998
544444444555566000108843
755544555555666000029853
765555555556667000038854
767665556666677000016865
756766666667779000004975
785678777777999000002986
844558987659999000001597
432448998665544000000398