000000002344556794433411
000000002334556678543441
000000002334556679854451
000000002334456678976455
000000002334455677986555
000000012344555004987123
000000023344556000585312
000000223344556000396421
000001233444556000167542
000022333445556600058642
222223334445556000039754
333333344455566000029865
333334444555566000019875
444444445555666002019876
544444455556667001009987
555555555566667000308987
655555555666677000209732
666655666666777000139742
876666666667778000049743
856776667777788000027754
845877777778889000015864
874589888888990000003975
953449976548880000002686
543339887554430000000487