000000005677889961111144
000000005667889995211114
000000005667889996521124
000000005667789998643122
000000005667788999653222
000000045677888007654356
000000056677889000852135
000000556677889000673124
000004566777889000494212
000055666778889900385312
555556667778889000266421
666666677788899000157532
666667777888899000047542
777777778888999000047543
877777788889999000037654
888888888899999000028654
988888888999999000027412
399988999999999000066412
899999999999990000377411
823999999999980000159421
812899999998880000048531
841287888888660000036642
781117643215550000015953
876117554221100000003754