000000006788999851122155
000000006778999984112115
000000006778999985411115
000000006778899987532111
000000006778899988542111
000000056788999008543467
000000067788999001941246
000000667788999000762135
000005677888999000593113
000066777889999000494213
666667778889999000375311
777777788899999000266421
777778888999999000156431
888888889999999000156432
988888899999998000146543
999999999999998000037543
999999999999988000036323
299999999999888000175313
789999999998880000486312
712889998888870000268311
711788888887770000059421
731176777777550000047531
692116532114400000026942
987226443111100000004843