000000008999887633344377
000000008999887762234337
000000008999887763223327
000000008999987765311322
000000008999988766321222
000000078999880009321689
000000089999880003822468
000000889999887000941357
000007899999887000771235
000088999998887000682135
888889999998887000593123
999999999988877000484212
999999999888877000374212
999999998888777000374211
899999988887776000364321
888888888877770000255321
788888888777760000254145
177788777777660000393135
567777777776660000694134
521667776666650000486123
532566666665550000078213
513254555555330000069312
484334311232210000048721
899444221223300000006921