000000004322111259988955
000000004332111126998995
000000004332111125699995
000000004332211123578999
000000004332211122568999
000000054322110052567643
000000043322110009169864
000000443322110006348975
000005433222110004517997
000044333221111002616897
444443332100000000735799
333333322221100000844689
333332222111230000954679
222222221111444000954678
122222211111155000964567
111111111111517000973567
111111111111167000174787
811111111111220000035797
321111111112220000624798
398221112222230000842799
399322222223330000051689
379934333333550000063579
418994578996600000084168
123884667999900000006267