000000003211112368877844
000000003221112237987884
000000003221112236798894
000000003221112234689899
000000003221111233679999
000000043211110061678532
000000032211110008179753
000000332211110007259864
000004322111110005428986
000033220011110003517986
333332221200000001626898
222222211132210000735799
222221111111340000845789
111111111111555000845789
111111111112266000855678
111111111122628000964678
211111111222278000265876
922211222222330000026886
432222222223330000515887
499332223333340000733898
489433333334440000041798
488945444444660000052689
517885689987700000073279
112775778998800000015178