000000003455667883322322
000000003445667787432332
000000003445667788743342
000000003445567789865344
000000003445566788875444
000000023455660085876134
000000034455660003674213
000000334455660007495312
000002344555660009276431
000033440056660008167531
333334445700000006148643
444444455587760000239754
444445555666890000329764
555555556666990000329765
655555566667788000319876
666666666677876002419876
766666666777770000719621
577766777777880000048631
987777777778880000159632
945887778888890000238643
934988888889990000226753
963499999999800000014864
962339865437700000023775
654229776443300000061576