000000004566778972211233
000000004556778896321223
000000004556778897632233
000000004556678899754233
000000004556677899764333
000000034566770076765245
000000045566770002763124
000000445566770006584213
000003455666770008385321
000044550067770009276421
444445556800000007157532
555555566698870000148643
555556666777990000238653
666666667777880000238654
766666677778877000228765
777777777788785000319765
877777777888860000818511
488877888888990000057521
998888888889990000268521
934998889999990000149532
923999999999990000337642
952398999999700000025753
871228754326600000014864
765118665332200000072665