000000006788999851122155
000000006778999984112115
000000006778999985411115
000000006778899987532111
000000006778899988542111
000000056788990058543467
000000067788990021941246
000000667788990004762135
000005677888990006593113
000066770089090008494213
666667778920000009375311
777777788889990000266421
777778888999870000156431
888888889999660000156432
988888899999955000146543
999999999999593000137543
999999999999940000936323
299999999999880000075313
789999999998880000486312
712889998888870000268311
711788888887770000559421
731176777777500000047531
692116532114400000026942
987226443111100000094843