000000007899998742233266
000000007889998873123226
000000007889998874312216
000000007889998876421211
000000007889999877431111
000000067899990049432578
000000078899990032931357
000000778899990003851246
000006788999990005682124
000077880099090007593124
777778889830000009484212
888888899978890000375311
888889999999760000265321
999999999999550000265321
999999999998844000255432
999999999988480000146432
899999999888830000845234
188899888888770000084224
678888888887770000595223
611778887777760000377212
621677777776660000669312
622165666666400000058421
593225421123300000037831
998335332112200000095932