000000008999887633344377
000000008999887762234337
000000008999887763223327
000000008999987765311322
000000008999988766321222
000000078999880039321689
000000089999880043822468
000000889999880002941357
000007899999880004771235
000088990098080006682135
888889999740000008593123
999999999967780000484212
999999999888650000374212
999999998888440000374211
899999988887733000364321
888888888877370000255321
788888888777720000754145
177788777777660000093135
567777777776660000694134
521667776666650000486123
532566666665550000778213
513254555555300000069312
484334311232200000048721
899444221223300000086921