000000007655443227788788
000000007665443323678778
000000007665443322367768
000000007665543321245766
000000007665544322235666
000000087655440025234976
000000076655440087436897
000000776655440003615798
000008766555440001834679
000077660054240002943579
777776665300000004962467
666666655523340000871356
666665555444210000781346
555555554444110000781345
455555544443322000791234
444444444433230000691234
344444444333330000391489
533344333333220000262479
123333333332220000951478
165223332222210000872467
176122222221110000884357
147611111111200000096246
148771245673300000087335
456881334667700000049534