000000006544332138899877
000000006554332214789887
000000006554332213478877
000000006554432211356877
000000006554433211346777
000000076544330034345865
000000065544330008347986
000000665544330004526897
000007655444330002725789
000066550043330001834689
666665554200000003953578
555555544412230000962467
555554444333110000872457
444444443333220000872456
344444433332233000882345
333333333322320000791345
233333333222240000292599
622233222222110000353589
112222222221110000842589
176112221111110000961578
187111111111110000773468
158712111111300000085357
239882356784400000096246
345992445778800000038445