000000005677889961111144
000000005667889995211114
000000005667889996521124
000000005667789998643122
000000005667788999653222
000000045677880067654356
000000056677880001852135
000000556677880005673124
000004566777880007494212
000055664778685009385312
555556660000000008266421
666666677799900000157532
666667777888980000147542
777777778888776000147543
877777788889966000137654
888888888899699000228654
988888888999950000927412
399988999999990000666412
899999999999990000377411
823999999999980000159421
812899999998880000448531
841287888888610000036642
781117643215500000015953
876117554221100000083754