000000006544332138899877
000000006554332214789887
000000006554332213478877
000000006554432211356877
000000006554433211346777
000000076544340034345865
000000065544330008347986
000000665544330000526897
000007655444333000725789
000066557443336000834689
666665557566531000953578
555555544322310000962467
555554444310000000872457
444444443333225000872456
344444433332233000882345
333333333322322000791345
233333333222248000292599
622233222222115000353589
112222222221112000842589
176112221111110000061578
187111111111110000073468
158712111111390000085357
239882356784440000096246
345992445778800000008445