000000004322111259988955
000000004332111126998995
000000004332111125699995
000000004332211123578999
000000004332211122568999
000000054322161002567643
000000043322112000169864
000000443322112000348975
000005433222115100517997
000044335221514200616897
444443339788753000735799
333333322544531000844689
333332222132110000054679
222222221111400000054678
122222211111155100064567
111111111111511100973567
111111111111169000174787
811111111111227000035797
321111111112224000024798
398221112222232000042799
399322222223330000051689
379934333333580000063579
418994578996660000004168
123884667999920000006267