000000002111223477766733
000000002111223348876773
000000002111223347887783
000000002111123345799788
000000002111122344789888
000000032111283210089421
000000021111224210008642
000000221111224210069753
000003211111227300039875
000022113112722410028975
222221118999975200017987
111111111766753100006898
111111111254332000006898
111111112222622000006899
211111122223377110006789
222222222233733310055789
322222222333387200006965
933322333333449200007975
543333333334446100006976
589443334444454000004987
578544444445552000002897
597856555555760000001798
626776799878880000002389
211666889887740000000189