000000002344556794433411
000000002334556678543441
000000002334556679854451
000000002334456678976455
000000002334455677986555
000000012344586543210123
000000023344557542000312
000000223344557541000421
000001233444559630007542
000022331445952740008642
222223335766798520009754
333333344999986410000865
333334444587665300000875
444444445555955300000876
544444455556699400000987
555555555566966640000987
655555555666684530000732
666655666666777520000742
876666666667779420000743
856776667777787310000054
845877777778885200000064
874589888888933100000005
953449976548882000000006
543339887554472000000007