000000003455667883322322
000000003445667787432332
000000003445667788743342
000000003445567789865344
000000003445566788875444
000000003455677654321134
000000034455668653000213
000000334455668652000312
000000344555668741000431
000033442556863850007531
333334444655689630000643
444444455899897520000754
444445555698776410000764
555555556666966410000065
655555566667788510000876
666666666677877750000876
766666666777773640000621
577766777777886630000031
987777777778889531000032
945887778888898420000043
934988888889996310000003
963499999999824200000004
962339865437773100000000
654229776443383100000000