000000004566778972211233
000000000556778896321223
000000004556778897632233
000000004556678899754233
000000004556677899764333
000000004566768765432245
000000045566779764100024
000000045566779763000013
000000455666777852000321
000044553667774961000421
444445553544579741000532
555555566788798630000643
555556666799887520000053
666666667777877520000054
766666677778877620000065
777777777788788860000765
877777777888862750000011
488877888888995741000021
998888888889998642000001
934998889999999531000002
923999999999997421000000
952398999999715310000000
871228754326664210000000
765118665332294200000000