000000000677889961111144
000000000667889995211114
000000000667889996521124
000000000667789998643122
000000005667788999653222
000000005677859876543356
000000006677889875210005
000000056677889874100004
000000566777886963100012
000005664778685972000312
555556662433468852000021
666666677677689741000032
666667777889998631000042
777777778888788631000003
877777788889966731000054
888888888899699971010054
988888888999951861000002
399988999999994852100002
899999999999997753100001
823999999999989642100000
812899999998888532000000
841287888888616421000000
781117643215555321000000
876117554221195310000000