544321000000000000077844
544321000000000000087884
544321000000000000098894
654321000000000000089899
654321000000000000079999
654332100000000000345532
665432100000000000678998
765433210000000004789988
876543221000000025789987
987655432100000316899987
333332229899864136899987
222222211655642147899887
222221111143221257899887
111111111111511257899887
111111111112266157899887
111111111122622217899887
211111111222278127899887
922211222222338136789987
432222222223335135789987
499332223333343246799887
489433333334441356899887
488945444444672467899877
517885689987773567998876
112775778998833578998876