655432100000000000006733
655432100000000000006773
655432100000000000007783
765432100000000000009788
765432110000000000009888
765443210000000000004421
776543210000000000067899
876544321000000000678999
987654332100000000678998
898766543210000015789998
222221118999975225789998
111111111766753136789998
111111111254332146789998
111111112222622146789998
211111122223377146789998
222222222233733316789998
322222222333387216789998
933322333333449225678998
543333333334446124678998
589443334444454135689998
578544444445552245789998
597856555555761356789988
626776799878882456899987
211666889887742467899987