766543210000000000000622
766543210000000000000062
766543210000000000000672
876543211000000000000677
876543221000000000000777
876554321000000000000311
887654321100000000006789
987655432100000000007899
998765443210000000067899
799877654321000004678899
111111117988986314678899
111111122877864225678999
111112222365443135678999
222222223333733135678999
322222233334488235678999
333333333344844425678999
433333333444496315678999
844433444444559314567899
654444444445557213567899
678554445555565124578999
667655555556663134678999
696767666666851245678999
735667898769991345789998
321557999776651356789998