877654321100000000000001
877654321100000000000001
877654321100000000000001
987654322100000000000006
987654332100000000000066
987665432100000000000012
998765432210000000000678
998766543210000000000788
899876554321000000006789
689988765432110000067789
111112226877897413567789
222222233988975314567889
222223333476554224567889
333333334444844224567889
433333344445599324567889
444444444455955534567889
544444444555595424567889
755544555555668413456789
765555555556668312456789
767665556666676213467889
756766666667774123567889
785678777777942134567899
844558987659991234678899
432448998665561245678899