988765432210000000000000
988765432210000000000000
988765432210000000000000
998765433210000000000000
998765443210000000000005
998776543210000000000003
999876543321000000000007
899877654321100000000077
789987665432100000000678
078999876543221000006678
022223335766798522456678
033333344999986413456778
033334444587665313456778
044444445555955313456778
044444455556699413456778
055555555566966643456778
055555555666684533456778
066655666666777522345678
006666666667779421345678
006776667777787312356778
005877777778885212456778
074589888888933123456788
003449976548882123567789
003339887554472134567789