899987654432100000000000
899987654432100000000000
899987654432100000000000
789987655432100000000000
789987665432100000000000
789998765432210000000000
778998765543210000000000
100999876543321000000000
100099887654322100000006
100088998765443210000056
110045553544579741234456
110055566788798631234556
100056666799887521234556
100066667777877521234556
100006677778877621234556
110007777788788861234556
100007777888862751234556
100007888888995741123456
100008888889998642123456
100008889999999531134556
100009999999997421234556
100008999999715311234566
100008754326664211345567
100008665332294212345567