566789987765432100000000
566789987765432100000000
566789987765432100000000
456789988765432100000000
456789998765433210000000
456778998765543210000000
445678998876543211000000
433211009876654321000000
432210009987655432100000
432211000998776543210000
443221000211246974211123
443221000455468963211223
433221000967889853211223
433221000999599853211223
433221000998844953211223
443221000988488893211223
433221000088832983211223
433221000088772974321123
433211000087775975321123
433211000077767864311223
433221000076669754211223
433221000066438643211233
433211000023337543112234
433211000012277532112234