455678998876543210000000
455678998876543210000000
455678998876543210000000
345678999876543211000000
345678999876544321000000
345667899876654321000000
334567899987654322100000
544322100987765432100000
543321100098766543210000
543322100099887654321000
554332110011135885321112
554332110044357974321112
544332110006778964321112
544332110008488964321112
544332110007733964321112
554332110007377794321112
544332110007723894321112
544332110007661885432112
544322100006664986432112
544322110006656975421112
544332110005558865321112
544332110005349754321122
544322110002228654211123
544322100003368643211123