233456789998765432100000
233456789998765432100000
233456789998765432100000
123456788998765433100000
123456778998766543200000
123445678998876543200000
112345678899876544320000
766544322109987654321000
765543321000988765432000
765544321000999876543210
776554332100213697543321
776554332100135796543221
766554332100056886543221
766554332100066886543221
766554332100011786543221
776554332100055576543221
766554332100015686543221
766554332100042697654321
766544322000042798654321
766544332100034897643221
766554332100036987543221
766554332100068976543211
766544332100019876432211
766544322000049865432211