211123456678998765400000
211123456678998765400000
211123456678998765400000
321123455678998766400000
321123445678999876500000
321112345678899876530000
332112345567899877650000
999877655400789987654000
998876654200088998765300
998877654300067899876540
999887665420031369876654
999887665420012479876554
999887665420003589876554
999887665410003589876554
999887665410003489876554
999887665420002249876554
999887665420008359876554
999887665410005369987654
999877655300002468987654
999877665410001579976554
999887665410003689876554
999887665410005799876544
999877665410006899765543
999877655300006898765543