233456789998765432120000
233456789998765432120000
233456789998765432120000
123456788998765433120000
123456778998766543241000
123445678998876543211000
112345678899876544323100
766544322140087654321200
765543321200008765432121
765544321140009876543213
776554332120003697543321
776554332120005796543221
766554332120006886543221
766554332130006886543221
766554332130001786543221
776554332120005576543221
766554332120005686543221
766554332130002697654321
766544322140002798654321
766544332130004897643221
766554332130006987543221
766554332130008976543211
766544332130000876432211
766544322140000865432211