111234567789987654341000
111234567789987654341000
111234567789987654341000
211234566789987655342000
211234556789988765423100
211223456789998765423210
221123456670098766545310
988766544320009876543421
987765543100009987654243
987766543260008998765435
998776554310001479765543
998776554310003588765443
988776554310004698765443
988776554310004698765443
988776554310002598765443
998776554310000358765443
988776554310000468765443
988776554310000479876543
988766544220000579876543
988766554310000689865443
988776554310000799765443
988776554310000898765433
988766554310000998654432
988766544220000987654432