211123456678998765452000
211123456678998765452100
211123456678998765452100
321123455678998766453100
321123445678999876514210
321112345678899876534321
332112345560099877656421
999877655400009987654532
998876654200008998765354
998877654370007899876546
999887665420001369876654
999887665420002479876554
999887665420003589876554
999887665410000589876554
999887665410000489876554
999887665420000249876554
999887665420000359876554
999887665410000369987654
999877655310000468987654
999877665410000579976554
999887665400000689876554
999887665410000799876544
999877665410000899765543
999877655310000898765543