322112345567899876563100
322112345567899876563200
322112345567899876563210
432112344567899877564210
432112334567899987615321
432111234567789987645432
443211234450089988767532
899988766500008998765643
899987765300007899876465
899988765480006789987657
889998776530002258987765
889998776530001369987665
899998776530000479987665
899998776520000479987665
899998776520000379987665
889998776530000139987665
899998776530000249987665
899998776520000258998765
899988766410000357998765
899988776520000468987665
899998776500000578987665
899998776520000689987655
899988776520000789876654
899988766410000799876654