655432112234567899896432
655432112234567899896532
655432112234567899896543
765432111234567899897543
765432111234566789948654
765443211234056789978765
776543211120006788999865
566788999800005678998976
567789998600000567899798
567788998780000456789989
556778999863000225789998
556778999860000136789998
566778999860000146789998
566778999850000146789998
566778999850000146789998
556778999860000316789998
566778999860000216789998
566778999850000225678998
566788999740000124678998
566788999850000135689998
566778999830000245789998
566778999800000356789988
566788999800000456899987
566788999740000467899987