766543211123456789997543
766543211123456789997643
766543211123456789997654
876543211123456788998654
876543221123455678959765
876554321120005678989876
887654321110005677898976
455677899900000567899987
456678899710000456789899
456677899870000345678998
445667889974000314678899
445667889970000225678999
455667889970000135678999
455667889960000135678999
455667889960000235678999
445667889970000425678999
455667889970000315678999
455667889960000314567899
455677899850000213567899
455677889960000124578999
455667889940000134678999
455667889910000245678999
455677889900000345789998
455677899800000356789998