988765432211234567879765
988765432211234567879865
988765432211234567879876
998765433211234566879876
998765443211233456778987
998776543210003456798998
999876543320000455676898
233455677800000345678799
234456678930000234567978
234455678950000123456786
223445667896000522456678
223445667892000413456778
233445667890000313456778
233445667880000313456778
233445667880000413456778
223445667800000043456778
233445667890000033456778
233445667880000022345678
233455677970000021345678
233455667880000012356778
233445667860000012456778
233445667830000023456788
233455667800000023567789
233455677900000034567789