566789987765432112325789
566789987765432112325689
566789987765432112325678
456789988765432111324678
456789998760000211273567
456778998760000011243456
445678998800000011121356
433211122300000021123245
432211123580000032112423
432211123410000043211231
443221112358000074211123
443221112357000063211223
433221112351000053211223
433221112360000053211223
433221112360000053211223
443221112310000093211223
433221112300000003211223
433221112300000004321123
433211122400000005321123
433211112300000004311223
433221112380000004211223
433221112380000003211233
433211112350000003112234
433211122430000002112234