344567899987654321113567
344567899987654321113467
344567899987654321113456
234567899987604322112456
234567889980000032151345
234556789980000032121234
223456789900000033212134
655433211100000003211123
654432211390000004321211
654433211230000005432112
665443221136000006432211
665443221139000005432111
655443221133000005432111
655443221140000005432111
655443221140000005432111
665443221130000005432111
655443221100000005432111
655443221100000006543211
655433211200000007543211
655433221100000006532111
655443221100000006432111
655443221190000005432111
655433221170000005321112
655433211250000004321112