211123456678998765452123
211123456678998765452123
211123456678998765452112
321123455678000766453112
321123445670000076514211
321112345600000076534321
332112345500000017656421
999877655400000007654532
998876654250000008765354
998877654370000009876546
999887665422000009876654
999887665426000009876554
999887665427000009876554
999887665410000009876554
999887665410000009876554
999887665470000009876554
999887665400000009876554
999887665400000009987654
999877655300000008987654
999877665400000009976554
999887665400000009876554
999887665450000009876544
999877665480000009765543
999877655390000008765543