322112345567899876563112
322112345567899876563212
322112345567899876563211
432112344567000877564211
432112334560000087615321
432111234500000087645432
443211234400000028767532
899988766500000008765643
899987765340000009876465
899988765480000009987657
889998776531000008987765
889998776535000009987665
899998776538000009987665
899998776520000009987665
899998776520000009987665
889998776580000009987665
899998776500000009987665
899998776500000008998765
899988766400000007998765
899988776500000008987665
899998776510000008987665
899998776540000009987655
899988776570000009876654
899988766490000009876654