877654321112345678988654
877654321112345678988754
877654321112345678988765
987654322112335677989765
987654332100002567869876
987665432100000267899987
998765432000000276787987
344566788000000056789898
345567789000000045678989
345566789900000044567897
334556778900000033567789
334556778980000044567889
344556778980000044567889
344556778970000034567889
344556778900000034567889
334556778900000034567889
344556778900000034567889
344556778900000023456789
344566788900000022456789
344566778900000023467889
344556778000000003567889
344556778000000004567899
344566778000000000678899
344566788000000000678899