988765432211234567879765
988765432211234567879865
988765432211234567879876
998765433211446566879876
998765443211113656778987
998776543200001356798998
999876543000000385676898
233455677000000065678799
234456678000000054567978
234455678000000053456786
223445667000000042456678
223445667800000053456778
233445667800000053456778
233445667800000043456778
233445667800000043456778
223445667800000043456778
233445667800000043456778
233445667000000032345678
233455677000000001345678
233455667000000002356778
233445660000000000456778
233445660000000000056788
233455660000000000007789
233455600000000000007789