999876543321123456769876
999876543321123456769976
999876543321123456769987
899876544321557455768987
899876554322224745687998
899887654311000445687899
889987654110000094565799
122344566100000004567689
123345567100000003456867
123344567000000002345675
112334556000000001345567
112334556700000002345667
122334556710000002345667
122334556700000002345667
122334556700000002345667
112334556700000002345667
122334556000000002345667
122334556000000001234567
122344560000000000234567
122344550000000000045667
122334500000000000005667
122334500000000000000677
122344001000000000000078
122344000000000010000008