899987654432112345658987
899987654432112345658987
899987654432112345658998
789987655432668344657998
789987665433300034596899
789998765422000000576789
778998765220000000454689
111233455210000000056578
112234456210000000045756
112233456110000000034564
111223445110000000034456
111223445610000000034556
111223445600000000034556
111223445600000000234556
111223445000000000234556
111223440000000000234556
111223440000000000234556
111223400000000000023456
111233000000000000003456
111233000000000000000556
111220000000000000000556
111200000000000000000066
111000000000000000000007
110000000000000001000000