566789987765432112325789
566789987765432112325689
566789987765411112325678
456789988760001112324678
456789998000000011273567
456778990000000011243456
445678990000000011221356
433211100000000011223245
432211100000000011222423
432211100000000001221231
443221100000000001211123
443221100000000001211223
433221000000000001311223
433221000000000012211223
433111000000000013211223
411122000000000012211223
133210000000000011121223
000000000000000000012123
000000000000000000012123
110022000000000000011223
111111000000000000001223
111111000000000000001123
111111000000000000000124
111110000000000000000112