344567899987654321113567
344567899987654321113467
344567899987633321113456
234567899982223334112456
234567889211222233451345
234556780011112233421234
223456000000112233442134
655430000000012233441123
654430000000012233441211
654400000000011223442112
665400000000011223432211
665000000000001223432111
655000000000001223532111
655000000000001234432111
655000000000002235432111
633000000000012234432111
355000000000012233342111
222000000000011222234211
222000000000011112234211
132000000000000112233411
133000000000000011223411
111000000000000011223341
111000000000000001122342
111000000000000000122334