211123456678998765452123
211123456678998765452123
211123456678977765452112
321123455676667778453112
321123445655666677814211
321112344455556677834321
332112434444556677886421
999873333334456677884532
998222223334456677885354
911111222334455667886546
000111122334455667876654
000001122334445667876554
000001112333445667976554
000000112233445678876554
000000122233446679876554
000001112233456678876554
000000111223456677786554
000000111224455666678654
000000011234455556678654
000000011334444556677854
000000012333334455667854
000000112222334455667784
000000112222333445566783
000000111122220000566778