322112345567899876563112
322112345567899876563212
322112345567888876563211
432112344567778889564211
432112334766777788915321
432111235566667788945432
443211545555667788997532
899984444445567788995643
899333334445567788996465
822222333445566778997657
111222233445566778987765
111112233445556778987665
001112223444556778987665
000111223344556789987665
000111233344557789987665
000012223344567789987665
000011222334567788897665
000111222335566777789765
000011122345566667789765
000011122445555667788965
000011123444445560078965
000011223333445000008895
000001223333400000000894
000011222233000000000889