433211234456789987674211
433211234456789987674311
433211234456799987674321
543211233458889999675321
543211223877888899926432
543221126677778899956543
554321656666778899998643
788995555556678899996754
789444445556678899997576
733333444556677889998768
222333344556677889998876
222223344556667889998776
112223334555667889898776
111222334455667899998776
011222344455668898998776
011123334455678899998776
011122333445678899998776
001222333446677888899876
011122233456670000099876
011122233556600000099976
001122234555000000009976
001122334444000000009996
001112334440000000001995
001122333340000000001999