544321123345678998785321
544321123345678998785421
544321123345699998785432
654321122349999998786432
654321112988999999837543
654332117788889999867654
665432767777889999889754
677896666667789999887865
678555556667789999888687
644444555667788999889879
333444455667788999899987
333334455667778999899887
223334445666778999799887
222333445566778998899887
122333455566779997899887
122234445566789998899887
122233444556780009989887
112333444557000000998987
122233344567000000198987
122233344660000000099887
112233345660000000019887
112233445500000000019987
112223445500000000012986
112233444000000000012998