766543211123456789997540
766543211123456789997640
766543211123477789997654
876543211128887776998654
876543221899888877659765
876554329999998877689876
887654989999998877668976
455678888889998877669987
456777778889998877669899
466666777889999887668998
555666677889999887678899
555556677889999887678999
445556667888999887578999
444555667788000876678999
344555677780000075678999
344456667700000006678999
344455666700000007768999
334555666000000002876899
344455566000000001376899
344455560000000001277699
334455560000000001237699
334455600000000001237769
334445600000000001234768
334455000000000011234776