455678998800000000000000
455678998800000000000000
455678998870000000000000
345678999870000000000000
345678999110000000000000
345667892210000000000000
334567232245000000000000
544323333345000000000000
543444423343000000000000
555555424233400000000000
666551521234300000000000
666661512233350000000000
776001012223444000000000
777000012123336700000000
877000101222456720000000
877000001224457883000000
877000011134568882200000
880000000234578889123100
870000012335567889823112
870000112344567889922312
880000112334556789982312
880000122334456789982232
800001122233456789987233
000001112233456899987223