233400000000000000000000
233400000000000000000000
233400000000000000000000
123400000000000000000000
123400000000000000000000
123400000000000000000000
112340000000000000000000
766540000000000000000000
765220000000000000000000
733330000000000000000000
444333000000000000000000
444443000000000000000000
554223000000000000000000
551222200000000000000000
651212300000000000000000
011112220000000000000000
010121230000000000000000
010111222000000000000000
001002234500000000000000
001011134560000000000000
000102334556000000000000
000002344556600000000000
000123344455678000000000
001123334455678900000000