000000000000000000000000
000000000000000000000000
000000000000000000000000
000000000000000000000000
000000000000000000000000
000000000000000000000000
000000000000000000000000
000000000000000000000000
000000000000000000000000
000000000000000000000000
000000000000000000000000
000000000000000000000000
000000000000000000000000
000000000000000000000000
000000000000100000000000
000010000001200000011000
000120000000300000033000
000040000001700000006100
000080000002510000077222
000030000001330000006400
000220000002200000003700
212420000002200000002000
323221000002210000012600
045223000003130000022700