000000000000000000000000
000000000000000000000000
000000000000000000000000
000000000000000000000000
000000000000000000000000
000000000000000000000000
000000000000000000000000
000000000000000000000000
000000000000000000000000
000000000000000000000000
000000000000000000000000
000000000000000000000000
000000000000000000000000
000010000001100000000000
000021000012300000002000
000031000013400000033000
000040000012500000055000
000061000003000000008300
000090000004000000055444
100210000003100000004000
222411000004100000011000
034612000004110000021000
005113000004130000031400
000415000005000000041500