000000000000000000000000
000000000000000000000000
000000000000000000000000
000000000000000000000000
000000000000000000000000
000000000000000000000000
000000000000000000000000
000000000000000000000000
000000000000000000000000
000000000000000000000000
000000000000000000000000
000000000000000000000000
000000000000100000000000
000021000112200000001000
000032000023400000013000
000042000024500000004000
000051000003000000006100
000070000004000000019411
100180000005000000004005
211311000004200000013000
333522000015200000021000
005723000015220000032000
000224000005200000042300
000020000006000000152400