000000000000000000000000
000000000000000000000000
000000000000000000000000
000000000000000000000000
000000000000000000000000
000000000000000000000000
000000000000000000000000
000000000000000000000000
000000000000000000020000
000011000001400000032000
000044000000500000144000
000055000001600001250000
000016000066800002350000
000048000000900000450000
121259000000800000550000
033289000008700000360000
005578100009500000360000
000057300008620002483000
000017400007720000474000
000088000000000000405000
000090000000000000208000
000002000002210000009000
000004100000300000101000
000015200000400000212000