000000000000000000000000
000000000000000000000000
000000000000000000000000
000000000000000000000000
000000000000000000000000
000000000000000000000000
000000000000000000000000
000000000000000000000000
000000000000100000031000
000022000002500000043000
000055000000600000250000
000066000002700002361000
000027000077900000460000
010159000000900000560000
232369000000700000660000
004379100007600000470000
000669200008610001470000
000048400007730003592000
000018500000800000585000
000090000000000000506000
000001000001010000309000
000003100000300000009000
000005200001400000202000
110026000000000000323000