000000000000000000000000
000000000000000000000000
000000000000000000000000
000000000000000000000000
000000000000000000000000
000000000000000000000000
000000000000020000000000
000003100000020000043000
000004200000031100075000
000006200000931000087000
000009100000040014693000
000009200000040000791000
120068200000040000090000
454596300000541000090000
006795410000340000991000
000035520000240000883000
000006620000000001884000
000007800000000000063000
000007100000000000000000
000000100000130000000000
000005300000051000110000
000007500000000000425000
232009610000000000046000
054219200000000000067000