000000000000000000000000
000000000000000000000000
000000000000000000000000
000000000000000000000000
000000000000000000000000
000000000000000000000000
000000200000240000000000
000005300000042200065000
000006400000053300097000
000008400000053001099000
000008300000060006885000
010007400000060000973000
342186400000062000072000
006784500000363000071000
000973630000162000773000
000003740000162000965000
000004800000000000966000
000005000000000000045000
000000300000121000001000
000000300000052000101000
000007500000000100332000
022009720000000000643000
054210800000000000068000
006430000000000000080000