000000000000000000000000
000000000000000000000000
000000000000000000000000
000000000000000000000000
000000000000000000001000
000002000000061000004300
000005800000090000006400
000008900000098000008422
000004900000089300006400
000005900000080000004500
132022900000070000008500
075521900000170000009300
000751910000378000008300
000023860000479000017300
000004790000070000019300
000004600000000000010000
000003100000121000010000
000000600000040000000000
000000910000087000014100
012002940000000000007300
055300800000000000008310
008533000000000000000032
000875000000000000000000
000096300000000000000000