000000000000000000000000
000000000000000000000000
000000000000000000000000
000000000000000000000000
000001000000020000003100
000004000000080000006500
000007900000070000008600
000006800000179000006644
000006700000168000004600
000013700000160000001700
354201800000150000006700
007742700000351000008500
000933730000559000019500
000005680000650000029500
000006500000000000008500
000006000000100000000000
000000300000343000030000
000000800000060000001000
000001830000090000036300
034200860000000000009500
007522600000000000009530
000755000000000000000000
000097200000000000000000
000008000000000000000000