000000000000000000000000
000000000000000000000000
000000000000000000000000
000000000000010000000000
000002000000130000004200
000005100000190000007600
000008800000160000009710
000005000000268000005755
000007600000257000003700
011022600000250000002800
065312700000240000005800
008853600000442000007600
000924640000640000028600
000006590000700000039600
000007400000000000007000
000000100000200000010000
000000400000450000040000
000000900000170000012000
001002740000000000047400
045300700000000000009600
008633000000000000008640
000866000000000000000000
000098300000000000000000
000009000000000000000000