000000000000000000000000
000000000000000000000000
000000000000500000000000
000016000000600000001000
000058000045700000019000
000028000045700000016000
000015000005700000014000
000022000005800000122630
000146000004800000124050
577025000005800000020000
178978000025800000032000
005589100025900000151000
000359100004000000282000
000017000000000000393000
000006000003000000001000
000002000004800000106000
000003900003900000200000
000006400000000000278000
157008000000000000036000
098916000000000000023000
005790000000000000001200
000577000000000000000000
000135000000000000000000
000010000000000000000000