000000000000000000000000
000000000000000000000000
100000000000000000000000
112000000011000000000000
112233000112000000000000
112230000112200000000000
112230000112200000000000
112230000112200000000000
112220100012400000000000
111203142233300000000000
011200112223000000000000
011200111223000000000000
011200112223200000000000
011200112212200000000000
011230000012300000000000
012230000012300000000000
112230000113300000000000
112232000123300000000000
112112000122300000000000
112110001122200000000000
102100001122230000000000
100100001112230000000000
100100000112200000000000
100200000012000000000000