000004443000000000000000
000044454000000000000000
000045555000000000000000
000035566001222000000000
000134566333330000000000
001335566333320000000000
001304566733300000000000
001404566733100000000000
004355556611000000000000
003849798200000000000000
003466778200000000000000
000006777200000000000000
000000778800000000000000
000000478800000000000000
000000456600000000000000
000000456200000000000000
000000456700000000000000
000000566700000000000000
000004566710000000000000
000005567720000000000000
000005667720000000000000
000005667720000000000000
000055666721000000000000
000055666621000000000000