000000661100000000000000
000006676100000000000000
000007777100000000000000
000007788100004000000000
000316788500051110000000
003117788555541000000000
003110788951521000000000
000116788955311000000000
000577778833210000000000
000968979420100000000000
000188999410000000000000
000000999410000000000000
000000099910000000000000
000000099910000000000000
000000678810000000000000
000000078400000000000000
000000078910000000000000
000000788910000000000000
000000788930000000000000
000000789940000000000000
000000889940000000000000
000007889941000000000000
000007888943000000000000
000007888843000000000000