000000004000000000000000
000000009400000000000000
000000099421000000000000
000000088430000000000000
000000088830000000000000
000000088881000000000000
000000088784001000000000
000000088780040000000000
000000098866500000000000
000000046753432200000000
000000776742222221110000
000000277741112111111000
000000176641011111000000
000001176641000000000000
000000008841000000000000
000000008731000000000000
000000098740000000000000
000000008740000000000000
000000088763000000000000
000000087773000000000000
000000087773000000000000
000000087774200000000000
000000088776300000000000
000000088876320000000000