000000000000000000000000
000000000510000000000000
000000008532100000000000
000000007541100000000000
000000007941100000000000
000000007992100000000000
000000007695100010000000
000000007691001000000000
000000007777010000000000
000000005864543000000000
000000065853333332220000
000000066852223222222000
000000265552122222110100
000000265552100111000000
000000107752100000000000
000000007842100000000000
000000007651000000000000
000000007651000000000000
000000007674000000000000
000000006684100000000000
000000006684100000000000
000000006685300000000000
000000077687410000000000
000000077787430000000000