000000000000003210000000
000000000000054321000000
000000000000065321000000
000000000017765321000000
300000000007765331001000
410000000008765331000000
321000000008765451000000
320000002002665410000000
321000021100676551000000
321000001109899661000000
321000000589999910000000
221000000221889210000000
211000000110784210000000
210000000000764100000000
210000000000763100000000
221000000000762100000000
211000000000053100000000
321000000000653210000000
321000000000654210000000
321000000000765320000000
321000000000765421000000
321100000000965431000000
322100000006975542000000
322100000006996543200000