000000000000000001000000
000000000000000432100000
000000000000100432100000
000000000000876432110001
010000000000876442110000
520000000000076442110000
432000000000076562100000
431000000000076521100000
432000000011087662100000
432100000018789772100000
432100000009999921100000
332100000002999321100000
322100000001805321000000
321000000000005211000000
321100000000004211000000
332100000000003211000000
022100000000004211000000
032100000000004321000000
432100000000005321100000
432100000000076431100000
432110000000076532100000
432210000000076542100000
433210000000086653110000
433210000000897654310000