000000000000000000000000
000000000000000000021100
000000000000000000322110
000000000000000000332110
000110000000000000332110
000211000000000064332210
004211000000000004322110
003211000000010043322100
000221000000299004322110
000321000000067094322110
000311000000077743322110
554321100000007543322100
544321100000007103221100
543221100000000003221100
540321100000000003221100
010021100000000000221100
000021100000000000221100
000021100000000000221100
000322100000000003321100
000322100000000003321100
000332100000000004322110
004432100000000064322110
005432100000000075332110
005432110000000076532110