000000000000000000000000
000000000000000000000000
000000000000000000000000
000000000000000000000000
000000000000000000000000
000000000000321000000000
000000000000421000021000
000000000004441002111000
000000000000443321100000
000000000000443021100000
000000000000444392100000
000000000000444322100000
000000000000432110000000
000000000000032110000000
000000000000032110000000
000000000000032100000000
000000000000002100000000
000000000000032100000000
000000000000032210000000
000000000000033210000000
000000000000033210000000
000000000000433210000000
000000000000433211000000
000000000000433221000000