000000000000000000000000
000000000000000000000000
000100000000000000000000
000110000000000000000000
042100000000000000000000
543210000000000000000100
043211000000000000002100
543210000000000000032110
543211000000000000032110
043221000000000000022110
033221000000000000621100
002211000000000000651400
003210000000000000454432
033211000000000000433322
033211000000000000032332
033211000000000000032122
033211000000000000032100
433211000000000000421100
433211000000000000431000
543211000000000000432100
543211000000000000432100
544321100000000000443100
544321100000000000543210
554432100000000006543210