000000000000000000000000
000000000000000000000000
000000000001000000000000
000000000021000000000000
000000000432000000000220
000000000532100000000270
000000000432100000000177
000000000543200000000087
000000000543200000000087
000000000032100000000087
000000000032100000000876
000000000442100000000876
000000000542100000000009
000000000542100000000009
000000006532100000000009
000000005432100000000009
000000065532100000000004
310000266532100000000004
899988776421000000000065
789988765432000000000076
789988776655443321000076
088998876655443321000876
000998876655443221000987
000000877654433211000987