000000000000000000000000
000000000000000000000000
000000000002100000000000
000000000002000000000000
000000000543100000000030
000000000643210000000380
000000000543210000000288
000000000654310000000008
000000000054310000000008
000000000043210000000090
000000000003210000000087
000000000053200000000087
000000000653210000000000
000000000653210000000000
000000000643210000000000
000000000543210000000000
000000006643210000000000
420000377643210000000005
788999880532100000000006
678999876543100000000007
678999887766500002100087
077899987766554432100087
000899987766554332100998
000001988765544322100998