000000000000000000000000
000000000000000000000000
000000000000400000000000
000000000000300000000000
000000000006400000000000
000000000176540000000000
000000000076541000000000
000000000087640000000000
000000000087640000000008
000000000016542000000001
000000000016541000000009
000000000086530000000000
000000000006540000000001
000000000086540000000000
000000000976540000000000
000000000876540000000000
000000009976540000000000
000000091176540000000000
455007810065421000000000
345677800076421000000000
345677889999831000000000
344567789999880000000009
123567789999887000430008
001234788998877655431008