000000000000000000000000
000000000000000000000000
000000000000000000000000
000000000000021000000000
000000000000032100000000
000000000000821000000000
000000000009872100000000
000000000009973100000000
000000000009972100000000
000000000009875100000000
000000000009874100000000
000000000009863100000000
000000000000872000000000
000000000000821000000000
000000000009872100000000
000000010099872100000000
000001111799873100000000
000000024499873100000000
000000000098754000000000
110000000099754000000000
112300000007864000000000
611234450677883000000000
456234456677881000000000
334567455678899000000000