000000000000000000000000
000000000000000000000000
000000000000001000000000
000000000000002100000000
000000000000043200000000
000000000000932100000000
000000000009983210000000
000000000000984210000000
000000000000983200000000
000000000000986210000000
000000000009985210000000
000000000009974200000000
000000000000983100000000
000000110000932100000000
000000111009983210000000
000000121089983200000000
000000002689984200000000
000000005589984200000000
000000000009865100000000
210000000009865100000000
211000000006775100000000
711123000066774000000000
567123345566772000000000
445678344567788000000000