000000000000000000000000
000000000000002000000000
000000000000004310000000
000000000000015400000000
000000000000076510000000
000000000002765431000000
000000000001786540000000
000000000000687540000000
000000000000686530000000
000000000000789541000000
000000100000788541000000
000000110000797530000000
000000110000086410000000
000000023000765420000000
000000044036786542000000
000000024356786532000000
000000025356787532000000
000000018100787531000000
000000000000898421000000
000000000000898421000000
543100000000498421000000
944320000000447321000000
899321110003445311000000
778998111234455210000000