000000000000000000000000
000000000000003100000000
000000000000005420000000
000000000000006510000000
000000000000087621000000
000000000000676542000000
000000000000677651000000
000000000000578651000000
000000000000077641000000
000000000000079652100000
000000000000079652100000
000010200000088641000000
000001220000077521000000
000000134000076531000000
000000055005677653110000
000000035045677643110000
000000036245678643110000
000000009211678642110000
000000001100099532110000
000000000000099532110000
654200000000089532110000
855431000000038432110000
998432220000036422110000
889987211123344321100000