000000000000000000000000
000000000000000002110000
000000000000000000211000
000000000000000000211000
000000000000000003221110
000000000000000064221110
000000000000000873221100
000000000000000873221110
000000000000000063221110
000000000000000074322110
000000000000000074322110
000000000000000063222110
000000000100000003221110
000000056211000003221100
000000000211000005332110
000000000011400865332211
000000000023409865332211
000000000003459864332211
000000000002111754332211
000000000001110004332211
000000000000000004332211
007653100000000004332221
876654440000000004332221
998765433210000000322221