000000000000000000000000
000000000000000000001100
000000000000000000002111
000000000000000000002111
000000000000000000002221
000000000000000000032221
000000000000000000332211
000000000000000000332221
000000000000000000032221
000000000000000000033221
000000000000000000033221
000000000000000000033221
000000000001000000032221
000000000002110000032211
000000000322111000003221
000000000002311000043322
000000000000318006443322
000000000000048075443322
000000000000022865443322
000000000000021115443322
000000000000001110003322
000000000000000000003332
000065551000000000003332
087654544300000000003332