000000000000000000000000
000000000000000000000000
000000000000000000000000
000000000000000000000000
000000000000000000000000
000000000000000000000000
000000000000000000000000
000000000000000000000000
000000000000000000000000
000000000000000000000000
000000000000000000000000
000000000000000000000000
000000000000000000000000
000000000000000000000000
000000000000000000010000
000000000000000000021100
000000000000000039222110
000000000000000000026110
000000000000000000006150
000000000000000000000650
000000000000000000000655
000000000000000000000225
000000000000000000000211
000000000000000000000011