000000000000000000000000
000000000000000000000000
000000000000000000000000
000000000000000000000000
000000000000000000000000
000000000000000000000000
000000000000000000000000
000000000000000000000000
000000000000000000000000
000000000000000000000000
000000000000000000000000
000000000000000000000000
000000000000000000000000
000000000000000000000000
000000000000000000000000
000000001111111100000001
000000011111111110000000
000000011111111110000332
000000111111111111000002
000000111111111111000000
000000111111111111000000
000000111111111111000000
000001111111111111100000
000011111222222111110000