000000000000000000000000
000000000000000000000000
000000000000000000000000
000000000000000000000000
000000000000000000000000
000000000000000000000000
000000000000000000000000
000000000000000000000000
000000000000000000000000
000000000000000000000000
000000000000000000000000
000000000000000000000000
000000000033330000000000
000000000444444000000000
000003344444444443300000
000003345555555543300000
000003455555555553300000
000001455555555554100000
000000555555555555100000
000000555555555555000000
000000155555555555000000
000000155555555551000000
000000055555555551000000
000000055666666550000000