000000000000000000000000
000000000000000000000000
000000000000000000000000
000000000000000000000000
000000000000000000000000
000000000000000000000000
000000000000000000000000
000000000000000000000000
000000000000000000000000
000000000000000000000000
000000000000000000000000
000000000000000000000000
000000000000000000000000
000000000555550000000000
000000005555555000000000
000004456666666654400000
000004566666666664400000
000002566666666665200000
000001666666666666200000
000001666666666666100000
000000266666666666000000
000000266666666662000000
000000166666666662000000
000000066777777661000000