000000000000000000000000
000000000000000000000000
000000000000000000000000
000000000000000000000000
000000000000000000000000
000000000000000000000000
000000000000000000000000
000000000000000000000000
000000000000000000000000
000000000000000000000000
000000000000000000000000
000000000011111000000000
000000000444444100000000
000001114999994411100000
000023339999999433321000
000048899999999998840000
000008999999999998840000
000006999999999999640000
000000999999999999600000
000000999999999999500000
000000699999999999000000
000000699999999996000000
000000099999999996000000
000000099888888995000000