000000000000000000000000
000000000000000000000000
000000000000000000000000
000000000000000000000000
000000000000000000000000
000000000000000000000000
000000000000000000000000
000000000000000000000000
000000000001111100000000
000000000011111110000000
000000000011111111000000
000000111122222111110000
000001111555555211110000
000002225999995522210000
000004449999999544430000
000000998888888899900000
000000088888888889900000
000000088888888889700000
000000088888888888700000
000000088888888888600000
000000088888888888100000
000000008888888887100000
000000008888888887100000
000000008777777886100000