000000000000000000000000
000000000000010000000000
000000011001111110000000
000000111112222211000000
000000012222222221100000
000000012223333322100000
000000112233333332210000
000000222233333333210000
000000222334444433320000
000000033344444440320000
000000033344444440320000
000000004455555400410000
000000000888888000421000
000000000666668000022100
000000000066660000010000
000000000055550000000000
000000000005500000000000
000000000000000000000000
000000000000000000010000
000000000000000000020000
000000000000000000020000
000000000000000000010000
000000000000000000010000
000000000000000000000000