000111222222222221111000
001111202222232202111000
001111203223333302211100
001111003334444400221100
000112004444444400321100
000112104445555501322100
000112104455555501432100
001112000455555000432100
001112000056660000542100
001121000066660000142110
000121000006600000142210
000110000007700000032211
000010000000000000043221
000000000000000000044321
000000000000000000131000
000000000000000000121000
000000000000000000121000
000000000000000000121000
000000000000000000032100
000000000000000000042100
000000000000000000002100
000000000000000000000100
000000000000000000111100
000000000000000000111100