111222333333333332222111
112222313333343313222111
112222304334444403322211
112222104445555501332211
111223105555555501432210
111223205556666602433210
111223205566666602543211
112223100566666001543211
112223000067770000653211
112232000007700000253221
111232000007700000253321
001221000000000000143322
001121000000000000154330
000011000000000000155430
000111000000000000242110
000111000000000000232110
000111000000000000232110
000110000000000000032110
000000000000000000003211
000011000000000000150211
000000000000000000013211
000000000000000000001211
000000000000000000002211
000000000000000000000211