222333444444444443333222
223333424444454424333222
223333415445555514433322
223333215556666612443322
222334216666666612543321
222334316667777713544321
222334316677777713654322
223334201677777102654322
223334100178881001764322
223343100018810001364332
222343000018810000364432
112332000001100000254433
012232000001100000265441
111122000000000000266541
111222000000000000353221
111222000000000000343221
111222000000000000343221
111221000000000000143221
111111000000000000114322
111100000000000000001322
111000000000000000000322
111011000000000000110322
111111000000000000113322
111111000000000000111322