777888999999999998888777
778888979999999979888777
778888969999999969988877
778888769998888867998877
777889768888888867998876
777889868887777768999876
777889868877777700899877
778889700877777000899877
778889600076666000789877
778898100006660000089887
777898000006600000089987
667887000000600000099988
567787000000000000089996
666677000000000000088996
666777000000000000098776
666777000000000000098776
666777000000000000098776
666776000000000000098776
666660000000000000069877
666000000000000000056877
666000000000000000005877
666011000000000000100877
666166000000000000111877
666666000000000000666877