999999888888888880009999
999999898888878800009999
999999887887777000009999
999999987776660000009999
999998986666600000009998
999998986610000000008998
999998986100000000008999
999998922000000000008999
999998821000000000008999
999989320000000000018999
999900000000000000018899
889990000000000000078899
789999200000000000067888
888899200000000000066788
888999100000000000079998
888911100000000000089998
888911100000000000089998
888991110000000000089998
888882111000000000018999
888222110000000000018999
888222111000000000027999
888233211000000000322999
888388221100000000333999
888888221100000000008999