999888777777770000008999
998888797777700000008999
998888796776000000008899
998888996660000000008899
999887995500000000008899
999887895500000000007899
999887895000000000017899
998887930000000000017899
998880000000000000017899
998878000000000000027889
999811100000000000027789
999881100000000000067788
899989300000000000056779
999999310000000000055679
999999210000000000068999
999922211000000000008999
999922211000000000070999
999992221000000000078999
999993222000000000027899
999333221100000000129899
999333222100000000138899
999344322111000001433899
999499332210000011444800
999999332200000010000090