666555400000000000000066
665555400000000000000066
665555400000000000000066
660055000000000000000066
600000000000000000000067
666000000000000000000067
666500000000000000000066
665500000000000000000066
665500000000000000000066
665500000000000000000056
666500000000000000000056
776550000000000000000055
876650000001100000000047
777766611111111111000047
777666541122221111000007
777655544222222111100107
777655542223322222100110
777665554333333222210667
777776555333333332220566
777666554433333333450566
777666555433333333468566
777677655444333334766566
777777665543333344777530
777777665533333343333000