000000000000000000000000
000000000000000000000000
000000000000000000000000
000000000000000000000000
000000000000000000000000
000000000000000000000000
000000000000000000000000
000000000000000000000000
000000000000000000000000
000000000000000000000000
000000000000000000000000
000000000000000000000000
000000000000000000000000
000000001111111010000000
000000011144441111000000
000000188499994881100000
000000559999999995100000
000004448999999994410000
000004347999999993310000
000003378899999993310000
000003377899999994310000
000003477888999996331000
000002467789999988331000
000002367799999989330000