000000000000000000000000
000000000000000000000000
000000000000000000000000
000000000000000000000000
000000000000000000000000
000000000000000000000000
000000000000000000000000
000000000000000000000000
000000000000000000000000
000000000000000000000000
000000001111111111000000
000000011111111111100000
000000011111111111110000
000000112222222121110000
000001122255552222111000
000001277599995992211000
000001669998899996211000
000005557888888995521100
000005456888888884421100
000004467788888884421100
000000066788888885421100
000000006777888887402100
000000006678888877400000
000000006688888878400000