223330011443333331122211
223330001444333311122221
233330001554444311122221
233330000666444111232222
233330000166655111000222
333330000166661110000222
333333000066671100000322
333333300067771000000322
333433300077770000003322
333443330077770000333332
333443330088880033444332
113444330088880034444332
013344330018810034444432
111124430001110234444432
111222332001100334444432
111222331000000149944432
111223310000000016984432
111222310000000017765432
111122300000000008865432
111122200000000003866433
111122200000000002555543
111122200000000002555333
111122200000000002555332
111121100000000003555432