445552233665555553344433
445552223666555533344443
455552223776666533344443
455552222888666333454444
455552222388877333222444
555552222388883332222444
555550002288893322222544
555550000289993222222544
555600000099992000225544
555600000099990000005554
555665510099990000006554
335666550099990010000554
235566550039930051000654
333346650023330056600654
333444550003320056660654
333444550000000068866654
333445530000000034896654
333444530000000035587654
333344500000000006687654
333344400000000005688655
333344400000000004777765
333344400000000000777555
333344400000000000777554
333343300000000000777654