778881100098888886677766
778811100009888866677776
788811100009999866677776
788211100008999666780007
788221110008899666000000
888221110008886660000007
888822110008876600000077
888822210007776000000877
888933211007771000122877
888933321007771002222287
888998841006660033222287
668999881006660043333887
568899881006660084333987
666679981000060089933987
666777881000000089993987
666777883000000095599987
666778860000000001569987
666777800000000002289987
666677800000000000389987
666677700000000000388988
666677700000000000999998
666677700000000000999888
666677700000000000999887
666676600000000000999987