999993300011900098111111
999933320001900081111111
999933320001800011111111
999433322001800811111129
999443332001600111112222
999443332100600111222229
999944332200600112222299
999944432200000112222999
999855433000000012344999
999855543000000004444499
999889960000000000444499
889888990000000000555999
789988900000000000055899
888898800000000000055899
888999900000000000085899
888999910000000000088899
888999911000000000048899
888999911000000000067899
888899911000000000067899
888899921000000000066899
888899921000000000077789
888899921000000000077999
888899921000000000077999
888898820000000000077899