887770000000122279333333
887755500000122293333333
877755540000122233333333
877655544000022933333348
877665554200022333334444
777665554300000333444448
777766554000000004444488
777766650000000004444788
777677600000000000566788
777677700000000000666678
777667700000000000666678
997666700000000000077778
997766700000000000077678
999986620000000000077678
999888722000000000067678
999888732000000000066678
999887733000000000026678
999888733200000000045678
999988733210000000005678
999988843210000000004677
999988843200000000005567
999988843200000000005777
999988843000000000000778
999989942000000000000678