443334430000066635777777
443399943000066657777777
433399984300066677777777
433999988430066577777784
433999998630016777778888
333999998710000277888884
333399998100000028888844
333399991000000018888344
333288931000000002999344
333288821000000002999934
333223331000000002999934
553222332100000001488334
653322343100000001388234
555542264200000001388234
555444366210000001328234
555444376320000001322234
555443377430000001332234
555444377630000001211234
555544377600000000241234
555544487600000000241233
555544487000000000231123
555544487000000000131333
555544487000000000134334
555545581000000000123234