221116611110088813999999
221188800110088839999999
211188890001088899999999
211788899000088399999992
211778889850038999999999
111778889930012499999992
111177889310000249999922
111177783200000039999122
111166753100000024877122
111166643100000024777712
111111153210000024777712
331111154310000023666112
431111165320000023566112
333321186421000023566112
333222188430000013516112
333222198540000013511112
333221199650000003551112
333222199850000003432112
333322199800000002462112
333322299000000002463111
333322299000000001452211
333322299000000001352111
333322290000000001356112
333323390000000001345112