112228833332299921888888
112266622311299918888888
122266671001199988888888
122566671100199188888871
122556667900159888887777
222556667850034688777771
222255667530002467777711
222255565410000257777211
222344575300000246655211
222344465300000246555521
222332275430000246555521
112333276530000245844221
212233287540000145744321
111113300640000145744321
111111200600000035734321
111111200000000035733321
111112280000000025773321
111111280000000015654321
111111211110000014684321
111111111110000004685322
111111171110000003674432
111111178220000003574222
111111172200000003578221
111111172200000003567321