334449955554477742666666
334444444533477726666666
344444453223377766666666
344344453311377266666653
344334445722077666665555
444334445672106066555553
444433445752110685555533
444433347632000475555433
444522397521000468433433
444522287520000468333343
444554497650000468333343
224555491150000467922443
124455491110000367922543
222235522110000367922543
222333422110001257952543
222333422210000157955543
222334462200000147995543
222333462200000137876543
222233433300000136896543
222233333300000016897544
222233353300000015896654
222233356400000015796444
222233354400000015799443
222232254420000015789543