667776688887744475333333
667711177866744453333333
677711126556644433333333
677111126644644533333326
677111112455321223332222
777111112395410233222226
777711112985402982222266
777711119965200792222766
777822179854100798111766
777822289853100110111176
777887779982100200111176
557888774482100001622776
457788764442000019722876
555568855441000099722876
555666755411000089782876
555666755511000089788876
555667735210000079778876
555666735230000069899876
555566766230000069869876
555566666210000049869877
555566626610000048879987
555566623711110048979777
555566627732110048976776
555565527752210148987876