998882277778811189222222
998844488799811192222222
988844439999911122222222
988544439988911922222239
988554443199765662223333
888554443259832120333339
888855443579832300333399
888855545699643210333899
888766535798142210055899
888766645797112200055589
888778835670012210055589
998777838876000000066889
898877828886443100006789
999997799885433210006789
999999899855433220006789
999999899955433220007789
999998829654433210007789
999999829674332210006789
999999899674332200000789
999999999654433200005788
999999939954443200006678
999999932855553200006888
999999938876553101032889
999999938896653102043789