776661155556633368444444
776666666577633384444444
766666657887733344444444
766766657799733844444457
766776665388987884445555
666776665438954340555557
666677665358954510055577
666677763478865431055677
666588713589364430007677
666588823589334420007767
666556613452234431007767
886555619958000000008667
986655619998665320000567
888875588997655432000567
888777688977655442000567
888777688877655441000567
888776648876655431000567
888777648896554430000567
888877677896554420000567
888877777876655420000566
888877757776665420000456
888877754677775420204666
888877756698775310201667
888878856688875310201567