665552244445544457555555
665577755466544475555555
655577766776644455555555
655877766688644755555566
655887776477998995556666
555887776527865451066666
555588776247865620066666
555588872367976542066566
555499812478475541008566
555499912479445531008856
555445512343345542000856
775444518849000000000556
875544528889776431000456
777764477888766543000456
777666577888766553000456
777666577788766552000456
777665557987766542000056
777666557997665541000056
777766566997665530000056
777766666987766530000055
777766666687776531000345
777766665588886530000555
777766665599886420310556
777767765579986420311456