554443333334455546666666
554488844355455566666666
544488875665555566666666
544988875577555666666675
544998887566899996667777
444998887616776562077775
444499887136776730077755
444499981256987653007455
444399921367586652009455
444399911368556642000945
444334421234456653000945
664333427739100000000445
764433437779887542000345
666653366779877654000345
666555466799877664100045
666555466699877663000045
666554466998877653000045
666555466988776652000045
666655455988776641000045
666655555998877641000044
666655575598887642000234
666655576499997641010444
666655574489997530020445
666656674469997530420345