221116611111188813999999
221188811122188839999999
211188892332288899999999
211788892244288399999992
211778889833567669999999
111778889933499895109992
111177889313499962009922
111177783223689986309122
111166753134889985100122
111166643135889975100712
111111153217789986300712
331111154416400000000012
431111164446889875000012
333321133447899987300012
333222133477899997400012
333222133377899996300012
333221193678899986100012
333222193658999985100012
333322122658999974000012
333322222678899974000011
333322292278889975100011
333322299177779974000011
333322291156779863050112
333323391136679861050112