223339944443388831777777
223355533422388817777777
233355562112288877777777
233455562211288177777762
233445556811234337776666
333445556761167878436662
333344556641167695332211
333344456521356789636221
333433486411857788433221
333433376412887798433021
333443386549987789133021
113444381143733322211000
113344391113556898331100
111124411114566789633221
111222311144566779733221
011222311144566779633221
011223371345566789433221
011222371325667788433211
001122322325667797332211
001122222345566797332211
111122262245556798433211
111122267344446797332212
111122263323446896382310
111121163313346894382120