222100099998833386222222
228110008977833362222222
221000007667733322222222
221000000755733622222217
221000001066432332221111
321000211206512326981117
320000121106512159887766
100000020910311235881776
000000000000012236988774
000000000061032246988574
000000000091032235688574
000000001221088877766554
100000005553111346886655
200000006552111234888776
221000836522111224788776
223100866622111225888776
222100826321111235988776
222100826341112236988766
526677877341112247887766
556677777321111247887766
666677717721111246988766
666677712822221247887767
666677718843221358867865
666676618863321359867675