777899960111188813999999
771889770722188839999999
778999766082288899999999
778999866058288399999992
778999866045867669999999
678999875044499895119992
679998876033333962112233
899998876402222286319223
999998875501011111111225
999998876400000000011425
009980000000000000011000
090000000000000000030000
899888764320000075113344
799888733220000087311223
778887432110000997411223
776897432100000096311223
777899431000000986111223
777899432000000085111233
473322932000000074112233
443322227100000074112233
333322292400000075111233
333322297570000074112232
333322291556009063152134
333323391136603161152324