333455600054477742660000
334445880033477726666660
334556890073377766666666
334556799007377266666653
334566790009723226665555
234566780008156769545553
235567780007777596443322
455667789000666679745332
556667789000455555544330
506660089000004044444100
000000000000000000000000
000000000000000000000000
066000008700000202210010
356700877600000211100032
334778876500000210000002
332458876500000010000002
033455875400000000000002
333455876000000000004322
132233676000010000043322
112233338000000000003322
222233353800000000044322
222233358930000000003323
222233354910000000003421
202230254422000000003231