111233400006655564440000
116223660005655544444000
112334670005555544444440
112334577005555444444435
112344570008511114443333
112344560009334548763335
113345560000999378665540
233445560000888857963550
334445568000077077766550
000440000000000066666000
000000000000000000000000
000000000000000000000000
040000000900000000430000
034000699800011433322250
012506998700000032221124
011236998700000032111004
011233997000000002111000
111233998000000002100000
314455490000000000100000
334455550000022000000044
444455535000010000000044
044455536800000000000045
444455536820000000000643
404450436640000000000053