333211100000922297110000
339221300008922271110000
332111340008822211111000
332111244002822711111110
332111240000243441111111
432111200000611215991110
431112230000077148998870
211112230000088824791800
111110230000009099999000
000100000000000009990000
000000000000000000000000
000000000000000000000000
010000000700000000760000
011000077800004700655080
032000678000003365554450
034203678000002265444337
033211679000000125444322
003211670000000105433321
637788100000001000433210
667788800000051000232210
077788810000003000012110
077788813000003000000100
777788819500000100000000
700780719970000100000000