555433200000011189220000
558443100009811192220000
554332120009911122222100
554332120001911922222230
554322120000165662223333
654322100000832123783332
653321100000055326889990
433221110000066612583910
332221110000007177788200
000200000000000008881000
000000000000000000000000
000000000000000000000000
020000000000000000980000
032000005600006000877090
054200456100005587776670
056401456000004487666559
055433457000001347666544
025433450000000327655543
859999210000003222655432
889999900000073211154432
299999930000025211004332
099999931000005211000322
999999938300000311000122
901990938800000321000011