777655400000000068440000
776665200000003384442000
776554200000733344444300
776554310000733844444451
776544310000387884445555
876544310000954341565554
875543300000033514667782
655443300000044431365731
554443300000005315566410
002401200000000110663100
000000000000000000000000
000000000000000000000000
000000000000000000000000
004000000000000000990200
076400000310000009998890
078600234200016699888778
077605235100003569888766
007655232000002549877765
978877431000000444877654
998877710000000433376654
488877700000007433226554
088877750000017433211544
888877750000002533211044
003872856000000543210003