888766000000000007550000
885776300000000075553000
887665300000004455555400
887665400000044755555562
887655420000498995556666
987655420000865451456665
986654400000022623556673
766554000000033342256642
665554400000004424455521
013512300000000221554210
001001100000000010011000
000000000000000000000000
000000000000000000000000
005000000000000001000000
007500000000000009999900
009700000310000009999887
008710124210014679999877
008766123100013659988876
887766542000001555988765
887766621000000544487765
577766610000000544337665
077766600000008544322655
777766660000013644322155
004763760000001654321104