000000000000000002000000
010000000000000001000000
050000000000000000800000
556770000000000000180000
556780000000000000087777
456788000000000000027778
457789000000000000021119
677889000000000000027198
778889000000000000022887
679871000000000000029876
567560000000000000577665
454520000000000000544544
223110000000000000443321
120000000000000000233221
120000000000000000011111
110000000000000000000000
000000000000000000000000
000000000000000000005500
050003100000000000455600
021013100000000000956678
011011100000000899996778
011111100000000899988788
011111000000000799988788
559119140001000789987769