000000000000000010000000
000000000000000012000000
040000000000000001000000
440000000000000001200000
445670000000000000170006
345670000000000000036667
346678000000000000002219
566778000000000000006289
667778000000000000003798
789780000000000000008987
678671000000000000008776
565630000000000000005655
334200000000000000054432
231100000000000000044332
200100000000000000022222
200000000000000000001111
000000000000000000000000
000000000000000000000000
000000000000000000004000
012000210000000001845567
011002200000000008995667
011122200000000088999677
001122100001000688999877
668129100012000678998878