000000000000000000000000
000000000000000000000000
000000000000000000000000
000000000000000000000000
000000000000000000000000
000000000000000000000000
200000000000000000000000
120000000000000000000000
223000000000000000000000
875000000000000000000008
987900000000000001100089
999900000000000001111199
778600000000000000000076
675300000000000000000006
644300000000000000000000
342100000000000000000000
311000000001000000000000
010000000001100000000000
000000000012200000000000
000000000023200000000000
000000000004300000000000
000000000004300000000000
000001000005400000066000
000061000006400004567704