000000000000000000000000
000000000000000000000000
000000000000000000000000
000000000000000000000000
000000000000000000000000
000000000000000000000000
000000000000000000000000
000000000000000000000000
000000000000000000000000
000000000000000000000000
650000000000000000000000
760000000000000000000000
990000000001000000000000
998000000002100000000000
970000000012200000000000
670000000013200000000000
640000000024300000000001
340000000004400000000011
320000000005500000011110
100000000006500000011000
100000000007600000000000
000000000007600000000000
000000000008700000000000
000000000000720000000000