000000000000000000000000
000000000000000000000000
000000000000000000000000
000000000000000000000000
000000000000000000000000
000000000000000000000000
000000000000000000000000
000000000000000000000000
000000000000000000000000
000000000000000000000002
000000000001000000000001
500000000002100000000001
700000000013200000000001
800000000024300000000000
890000000034400000000000
890000000005400000000000
800000000006500000000000
560000000006600000000000
500000000007700000000000
300000000008700000000000
300000000009800000000000
000000000009000000000000
000000000001900000000000
000000000001900000000001