000000000000000000000000
000000000000000000000000
000000000000000000000000
000000000000000000000000
000000000000000000000000
000000000000000000000000
000000000000000000000000
000000000000300000000000
000000000000510000000000
000000000098910000000000
000000000037810000000000
000000000006810000000000
000000000005710000000000
000000000004910000000000
000000000004900000000000
000000000003410000000000
000000000002320000000000
000000000002210000000000
000000000001520000000000
000000000000431000000000
000000000000002000000000
000000000000002100000000
000000000000002100000000
000000000000002100000000