000000000000000000000000
000000000000000000000000
000000000000000000000000
000000000000000000000000
000000000000000000000000
000000000010000000000000
000000000000000000000000
000000000000074000000000
000000000000085100000000
000000000001085100000000
000000000001185200000000
000000000002485200000000
000000000006586100000000
000000000003086100000000
000000000000076000000000
000000000000485100000000
000000000000195100000000
000000000000085100000000
000000000000195200000000
000000000000898200000000
000000000000679200000000
000000000000559100000000
000000000000349100000000
000000000000239100000000