000000000000000000000000
000000000000000000000000
000000000000000000000000
000000000000000000000000
000000000000000000000000
000000000000000000000000
000000000000000000000000
000000000000085100000000
000000000000096200000000
000000000002096200000000
000000000002196300000000
000000000003396300000000
000000000007497200000000
000000000004097200000000
000000000001087100000000
000000000001596200000000
000000000000296200000000
000000000000196200000000
000000000000096300000000
000000000000089300000000
000000000000089300000000
000000000001669200000000
000000000001459200000000
000000000001349200000000