000000000000000000000000
000000000000000000000000
000000000000000000000000
000000000000000000000000
000000000000000000000000
000000000000100010000000
000000000000601542100000
000000000000506963200000
000000000000505974200000
000000000000705974200000
000000000000905874210000
000000000001305874200000
000000000004120974200000
000000000004024974200000
000000000003534964200000
000000000001255963100000
000000000000145953100000
000000000000035953100000
000000000040015863100000
000000000040012862100000
000000000055531862100000
000000000044451963100000
000000000034431973100000
000000000033371973000000