000000000000000000000000
000000000000000000000000
000000000000000000000000
000000000000000000000000
000000000000300010000000
000000000000400343200000
000000000000904875420000
000000000000803796530000
000000000000002697531000
000000000000002697531000
000000000003002597542000
000000000004600597532000
000000000007400697531000
000000000007200697531000
000000000006011797531000
000000000004082696430000
000000000001472686420000
000000000000362686420000
000000000070332596430000
000000000070242595430000
000000000080113595430000
000000000077723696431000
000000000367763696431000
000000000266643696321000