000000000000000000000000
000000000000000000000000
000000000000000000000000
000000000000000000000000
000000000000400021000000
000000000000500454300000
000000000000905986530000
000000000000902697640000
000000000000101588642000
000000000000001588642000
000000000004001488653000
000000000005700488643000
000000000008500588642000
000000000008300588642000
000000000007021698642000
000000000005091597541000
000000000002581597530000
000000000001471597530000
000000000000441497540000
000000000080353496541000
000000000090224496541000
000000000088814597542000
000000000078874587542000
000000000377734587432000