000000000000000000000000
000000000000000000000000
000000000000000000000000
000000000000000000000000
000000000000500032000000
000000000000600565400000
000000000000806997640000
000000000000901588750000
000000000000201479753000
000000000000101479753000
000000000005101379764000
000000000006800379754000
000000000009600479753000
000000000009400479753000
000000000008032589753000
000000000006091488652000
000000000003691498640000
000000000002581498640000
000000000001551388650000
000000000090464387652000
000000000090335387652000
000000000099915488653000
000000000089985478653000
000000000488825478543000