000000000000000000000000
000001000000000000000000
000000000000000000000000
000000000000000000000000
000000000000600043000000
000000000000700676500000
000000000000707898750000
000000000000801479860000
000000000000302369864000
000000000000202369864000
000000000000202269875000
000000000007900269865000
000000000009700369864000
000000000009500369864000
000000000009143479864000
000000000007082379763000
000000000004092389750000
000000000003692389750000
000000000002662279760000
000000000001575278763000
000000000080446278763000
000000000099926379764000
000000000099996369764000
000000000099916369654000