000000000000000000000000
000000000000000000000000
000002000000000000000000
000000000000000000000000
000000000000800060000000
000000000000900898700000
000000000000509679970000
000000000000603258980000
000000000000504147986000
000000000000404147986000
000000000000404147997000
000000000009800147987000
000000000007900147986000
000000000007700147986000
000000000008305257986000
000000000009164158985000
000000000006074168970000
000000000005884168970000
000000000004884158980000
000000000003797159985000
000000000062668159985000
000000000077748158986000
000000000087788148986000
000000000088828148876000