000000000000000000000000
000000000000000000000000
000000000000000000000000
000040000000000000000000
000010000000000093000000
000000000000600767800000
000000000000106235680000
000000000000207314570000
000000000000908413579000
000000000000808413579000
000000000000808513568000
000000000000403513578000
000000000013600413579000
000000000023000413579000
000000000014009313579000
000000000006008414670000
000000000009438424680000
000000000009748424680000
000000000008778514670000
000000000007868515679000
000000000006997515679000
000000000033387414679000
000000000043347414679000
000000000044467414789000