000000000000000000000000
000000000000000000000000
000000000000000000000000
000000000000000000000000
000000000000000148000000
000000000000004212300000
000000000000501431130000
000000200000407852120000
000000000000506963120000
000000000000606963124000
000000000000606963113000
000000000000208963123000
000000013000000963124000
000000013400400963120000
000000002401005853120000
000000000251006952120000
000000001344936942130000
000000001355226942130000
000000002356226952120000
000000001357313951120000
000000001358442951120000
000000001333062952124000
000000000223022962124000
000000000222082962234000