000000000000000000000000
000000000000000000000000
000000000000000000000000
111100000000000000000000
100000000000000626000000
000000000000009454300000
000000000002005986530000
000000000001012697640000
000000020002001588640000
000000000002001588640000
000000000002001488650000
100000000003006488640000
100002400003000588640000
111001360005000588640000
111100027006001698640000
221110014705241597540000
222110036802581597530000
221100046891471597530000
111000147891441497540000
000000146892353496540000
000000146893024496540000
000000036888014597540000
000000035770074587541000
000000004770034587432000