100000000000000000000000
100000000000000000000000
110000000000000000000000
222000000000000000000000
211000000000000735000000
111000000000009565400000
110000000003006997640000
110000000002021588750000
100000000003001479750000
100000100003001479750000
110000000003001379760000
210000000004005379750000
211003500004000479750000
222112470006001479750000
222211138007002589750000
332221125806351488650000
333221147903491498640000
332211157982581498640000
222111258981551388650000
111111257981464387650000
111110257982035387650000
100000147990015488651000
100000046880085478652000
100000015880025478543000