000011110000000000000000
000011110000000000000000
000221100000000000000000
005221100000000000000000
000321100000000962000000
004221100000006898700000
010021000006019679970000
000022000005053258980000
000021000006024147980000
000022000006004147980000
000022000006004147990000
000332100007002147980000
000332800007002147980000
005445790009004147980000
005542468009005257980000
065554458809684158980000
066554479706174168970000
065544489755884168970000
555444588754884158980000
044444589753097159980000
004443589750068159980000
000322479770048158980000
000020379880088148980000
000011048880028148876000