000002000000000000000000
000002220000000000000000
000332210000000000000000
000032210000000000000000
000032210000000871000000
000332200000005999800000
000032100007029568900000
000033100006064147890000
000032000007035136890000
000033000007005136890000
000033000007005236890000
000043200008001236890000
000443910008003136890000
000556880009005136890000
000653577008006146890000
006665569709795147990000
007665588617165157980000
006655598646975157980000
066555697645995247990000
055555698644098248990000
000054698640079248990000
000033588660059147990000
000031489770079137990000
000002159770039137980000