000000100000000000000000
000003330000000000000000
000003321000000000000000
000003321000000000000000
000003321000000781000000
000003310000004989900000
000003210008038457800000
000044210007075136790000
000003100008046225790000
000004100008016225790000
000004110008016325780000
000054311009001325790000
000554921009004225790000
001667971108006225790000
011764686117007135790000
117776679618896236890000
118776697528256246890000
117766697537966246890000
077666796536996336890000
000006797535189337890000
000000797530189337890000
000000697550069236890000
000000598660069226890000
000000269060049226990000