000002321000000000000000
000000552000000000000000
000000543000000000000000
000000543200000000000000
000000543200002590000000
000000532100022767000000
000000432120156235000000
000000032110297314500000
000000021010168413500000
000000021020038413500000
000000032120038513500000
000000033220023513500000
000000743220016413500000
000009853320018413500000
000086894335229313500000
009998897436978414600000
009998885349438424600000
039988875319748424600000
099888974318778514600000
001128975317368515600000
000012975311397515600000
000000085300287414600000
000000086400147414600000
000000087100167414700000