000000000141000000000000
000000000143000000000000
000000000143200000000000
000000000743311000000000
000000000043351000000000
000000000044574000000000
000000000074691000000000
000000000065757000000000
000000000044686900000000
000000000044586900000000
000000000074586900000000
000000000074578900000000
000000000774468900000000
000000008875466900000000
000001222881775810000000
000012252281426911000000
000012631394936941000000
000012621355226911000000
000000522356226910000000
000000011357813900000000
000000000156842900000000
000000000005762900000000
000000000004622900000000
000000000034682900000000