000000000052100000000000
000000000254100000000000
000000000054300000000000
000000000054420000000000
000000000054462100000000
000000000055680000000000
000000000005780000000000
000000000006846000000000
000000000005775000000000
000000000005695000000000
000000000005695000000000
000000000005689000000000
000000000085577000000000
000000000986575900000000
000000003992884920000000
000000341391315922000000
000003522493945952100000
000003512464135922100000
000001413465115821100000
000000122466912811100000
000000001267931811000000
000000000006851000000000
000000000005731000000000
000000000005771000000000