000000000000200000000000
000000000001430000000000
000000000007632000000000
000000000017751000000000
000000000017792000000000
000000000018982000000000
000000000008952000000000
000000000000812000000000
000000000000942000000000
000000000000971000000000
000000000008970000000000
000000000008982000000000
000000000008894000000000
000000000009892100000000
000000000005881700000000
000000000074132610000000
000000000761672680000000
000000000791362650000000
000000006792332550000000
000000005793742540000000
000000000599713540000000
000000000039823320000000
000000000002962200000000
000000000000940000000000