000000000000000100000000
000000000000021100000000
000000000000065100000000
000000000000984100000000
000000000019975200000000
000000000000055200000000
000000000000025200000000
000000000000535220000000
000000000000615111000000
000000000000744111000000
000000000000743110000000
000000000000755110000000
000000000008861300000000
000000000007862420000000
000000000008553432000000
000000000127462342210000
000000001124392383222000
000000001273692383222000
000000001972662283222000
000000001971475273311000
000000000876446271111000
000000000022526111100000
000000000001192111000000
000000000000113100000000