000000000000000000000000
000000000000004410000000
000000000000008410000000
000000000000007421000000
000000000000008532000000
000000000000008532100000
000000000000008532110000
000000000000008552110000
000000000000310444110000
000000000000410444110000
000000000000400143100000
000000000000401002330000
000000000005501032100000
000000000004510053100000
000000000008210165200000
000000000009700175210000
000000000000000156210000
000000000000005186510000
000000000000005286510000
000000000000008296640000
000000000000009294441000
000000000000009444431000
000000000000075444332100
000000000000006433332100