000000000000000001100000
000000000000000032110000
000000000000000032110000
000000000000000003210000
000000000000000004211000
000000000000000054321000
000000000000000054332100
000000000000000010331210
000000000000100060332210
000000000000000060332201
000000000000200060321100
000000000002000024551100
000000000003300051321100
000000000002300005321100
000000000006100007422100
000000000007900097432100
000000000000000108432100
000000000000000108732100
000000000000000008732100
000000000000000078862100
000000000000000076663100
000000000000000066653200
000000000000000066554300
000000000000000055554300