000000000000000000000221
000000000000000000000322
000000000000000000000322
000000000000000000000322
000000000000000000000322
000000000000000000004332
000000000000000000001032
000000000000000000001002
000000000000300000010043
000000000000100000010034
000000000000200000010033
000000000000300000210430
000000000001100000600100
000000000002100110200100
000000000003400001111000
000000000004700000100003
000000000000000000000033
000000000000000000000033
000000000000000000000033
000000000000000000000433
000000000000000000000433
000000000000000000006533
000000000000000000007633
000000000000000000007633