000000000000000000000000
000000000000000000000000
000000000000000000000000
000000000000000000000000
000000000000000000000000
000000000000000000000000
000000000000000000000001
000000000000000000000001
000000000000500000000001
000000000000000000000016
000000000001000000000010
000000000002000000000150
000000000003300000000102
000000000004300000001321
000000000001600000001221
000000000002500000001001
000000000000000000000001
000000000001000000000011
000000000000000000000110
000000000000000011111110
000000000000000000001100
000000000000000000011000
000000000000000001110000
000000000000000000000000