000000000000000000000000
000000000000000000000000
000000000000000000000000
000000000000000000000000
000000000000000000000000
000000000000000000000000
000000000000000000000000
000000000000000000000000
000000000001600000000000
000000000001000000000000
000000000002000000000000
000000000003000000000000
000000000004000000000003
000000000005400000000002
000000000001700000000032
000000000001400000000112
000000000001100000000110
000000000002000000000100
000000000000000000000000
000000000000000000000000
000000000000000000000001
000000000000000000000011
000000000000000000001111
000000000000000000111111