000000000000000000000000
000000000000000000000000
000000000000000000000000
000000000000000000000000
000000000000000000000000
000000000000000000000000
000000001300000000000000
000000002400000000000000
000000001300000000000000
000000001400000000000000
000000002500000000000000
000000002400000000000000
000000002500000000000000
000000002500000000000000
000000003600000000000000
000000013600000000000000
000000014600000000000000
000000014680000000000000
000000024570000000000000
000000024470000000000000
000000023360000000000000
000000022440000000000000
000000013310000000000000
000000002200000000000000