000000000000000000000000
000000000000000000000000
000000000000000000000000
000000000000000000000000
000000000000000000000000
000000045000000000000000
000000046000000000000000
000000037900000000000000
000000036000000000000000
000000046000000000000000
000000257000000000000000
000000147000000000000000
000000047000000000000000
000000257000000000000000
000000350000000000000000
000000368000000000000000
000000469000000000000000
000000469000000000000000
000000479000000000000000
000002479900000000000000
000002478800000000000000
000002477900000000000000
000002468800000000000000
000003457700000000000000