000000000000000000000000
000000000000000000000000
000000000000000000000000
000000000000000000000000
000000010000000000000000
000000167000000000000000
000000068000000000000000
000000059000000000000000
000000058000000000000000
000000068000000000000000
000000479000000000000000
000000369000000000000000
000000169000000000000000
000000479000000000000000
000000572000000000000000
000000589000000000000000
000000688000000000000000
000000688000000000000000
000001698000000000000000
000004698800000000000000
000004699900000000000000
000004699800000000000000
000004689900000000000000
000005679900000000000000