000000000000000000000000
000000000000000000000000
000000000000000000000000
000000000000000000000000
000000020000000000000000
000000278000000000000000
000000179000000000000000
000000069000000000000000
000000069000000000000000
000000179000000000000000
000000589000000000000000
000000479000000000000000
000000279000000000000000
000000589000000000000000
000000683000000000000000
000000698000000000000000
000000797000000000000000
000001797000000000000000
000002797000000000000000
000005797000000000000000
000005798800000000000000
000005799700000000000000
000005798800000000000000
000006789900000000000000