000000000000000000000000
000000000000000000000000
000000000000000000000000
000000000000000000000000
000000130000000000000000
000000389000000000000000
000000289000000000000000
000000078000000000000000
000000070000000000000000
000000289000000000000000
000000698000000000000000
000000588000000000000000
000000388000000000000000
000000698000000000000000
000000794000000000000000
000000797000000000000000
000000896000000000000000
000002896000000000000000
000003886000000000000000
000006886000000000000000
000006887700000000000000
000006888600000000000001
000006897700000000000001
000007898800000000000111