000000000000000000000000
000000000000000000000000
000000000000000000000000
000000000000000000000000
000000000000000000000000
000000687000000000000000
000000586000000000000000
000000095000000000000000
000000091000000000000000
000000082000000000000000
000000975000000000000000
000000885000000000000000
000000685000000000000000
000000975000000000000000
000000977000000000000000
000000964000000000000000
000000863000000000000000
000000863000000000000000
000006853000000000000000
000009853100000000000000
000009854400000000000000
000009855300000000000000
000009864400000000000000
000009875500000000000000