000000000000000000000000
000000000000000000000000
000000000000000000000000
000000000000000000000000
000000030000000000000000
000000954000000000000000
000000053000000000000000
000000062000000000000000
000000060000000000000000
000000155000000000000000
000000742000000000000000
000000852000000000000000
000000952000000000000000
000000740000000000000000
000000649000000000000000
000000631000000000000000
000000531000000000000000
000000531000000000000000
000001521000000000000000
000007521000000000000000
000007521100000000000000
000007522100000000000000
000007531100000000000000
000006542200000000000000