000000000000000000000000
000000000000000000000000
000000000000000000000000
000000000000000000000000
000000000000000000000000
000000021000000000000000
000000121000000000000000
000000032000000000000000
000000033000000000000000
000000028000000000000000
000000412000000000000000
000000522000000000000000
000000722000000000000000
000000413000000000000000
000000316000000000000000
000000313000000000000000
000000214000000000000000
000002214000000000000000
000004224000000000000000
000004224000000000000000
000004223000000000100000
000004222000000000120000
000004213300000001120000
000003212200000011223000