000000000000000000000000
000000000000000000000000
000000000000000000000000
000000000000000000000000
000000000000000000000000
000000111000000000000000
000000212000000000000000
000000023000000000000000
000000024000000000000000
000000019000000000000000
000000313000000000000000
000000413000000000000000
000000613000000000000000
000000314000000000000000
000000215000000000000000
000000224000000000000000
000000125000000000000000
000003125000000000000000
000005135000000000000000
000003135000000000000000
000003134000000000000000
000003133000000001000000
000003124000000012200000
000002113300000022300000