000000000000000000000000
000000000000000000000000
000000000000000000000000
000000000000000000000000
000000000000000000000000
000000212000000000000000
000000313000000000000000
000000014000000000000000
000000015000000000000000
000000019000000000000000
000000224000000000000000
000000314000000000000000
000000514000000000000000
000000225000000000000000
000000124000000000000000
000000135000000000000000
000000136000000000000000
000004136000000000000000
000006146000000000000000
000002146000000000000000
000002145000000000000000
000002144000000000000000
000002135000000020000000
000001124400000033000000