000000000000000000000000
000000000000000000000000
000000000000000000000000
000000000000000000000000
000000000000000000000000
000000871000000000000000
000000979000000000000000
000000069000000000000000
000000060000000000000000
000000070000000000000000
000000583000000000000000
000000479000000000000000
000000279000000000000000
000000588000000000000000
000000683000000000000000
000000698000000000000000
000000797000000011000000
000000797000000011000000
000007797000000111110000
000005797000000111100000
000005798000000012000000
000005799000000022200000
000005798100000022200000
000006789200000022200000