000000000000000000000000
000000000000000000000000
000000000000000000000000
000000000000000000000000
000000000000000000000000
000000058000000000000000
000000053000000000000000
000000062300000000000000
000000066000000000000000
000000057000000000000000
000000749000000660000000
000000852000000676600000
000000052000216677001000
000000741000033377023000
000000640000000477400000
000000631000000077000000
000000531000000038000000
000000531000000018000000
000000521000000088000000
000007521600000088800000
000007521700000089700000
000007522700000099900000
000007531800000099900000
000006542900000029000000