000000000000000000000000
000000000000000000000000
000000000000000000000000
000000000000000000000000
000000000000000000000000
000000039000000000000000
000000031000000000000000
000000041500000000000000
000000048000000000000000
000000039000000000000000
000000527000000880000000
000000631000000898800000
000000031000438899003000
000000522000055599045000
000000420000000699600000
000000412000000099000000
000000313000000059000000
000000313000000039000000
000000313000000099000000
000000313800000099900000
000005312900000098900000
000005311900000088800000
000005312900000188800000
000004321800000048000000