000000000000000000000000
000000000000000000000000
000000000000000000000000
000000000000000000000000
000000000000000000000000
000000134000000000000000
000000135000000000000000
000000026000000000000000
000000026000000000000000
000000035000000000000000
000000142000000660000000
000000136000000656600000
000000136000906655000000
000000147000099955099100
000000240000000855800000
000000257000000055000000
000000358000000094000000
000000358000000004000000
000000368000000044000000
000001368600000044400000
000001367500000043500000
000001366500000033300000
000001357400000633300000
000002346300000093000000