000000000000000000000000
000000000000000000000000
000000000000000000000000
000000000000000000000000
000000000000000000000000
000000352000000000000000
000000357000000000000000
000000048000000000000000
000000044000000000000000
000000053000000000000000
000000361000000440000000
000000258000000434400000
000000358000004433100000
000000369000107733000000
000000460000111633611100
000000479000000033010000
000000579000000072000000
000000579000000012000000
000002589000000022000000
000003589000000022200000
000003589000000021300000
000003588300000011100000
000003579200000811100000
000004568100000081000000