000000000000000000000000
000000000000000000000000
000000000000000000000000
000000000000000000000000
000000000000000000000000
000000461000000000000000
000000468000000000000000
000000159000000000000000
000000053000000000000000
000000062000000000000000
000000472000000330000000
000000369000000323300000
000000469000003322200000
000000479000000622000000
000000570000000022000000
000000580000000122000000
000000688000011061111000
000001688000011021011000
000003698000000011000000
000004698000000011000000
000004699000000011200000
000004699000000011100000
000004689100000911100000
000005679100000071000000