000000000000000000000000
000000000000000000000000
000000000000000000000000
000000000000000000000000
000000000000000000000000
000000071000000000000000
000000579000000000000000
000000269000000000000000
000000062000000000000000
000000070000000000000000
000000583000000021000000
000000479000000212200000
000000579000000211300000
000000588000000511100000
000000680000000011000000
000001690000000011000000
000001797000000151000000
000002797000002131120000
000004797000001011110000
000005797000000011000000
000005798000000012000000
000005799000000022200000
000005798100000922200000
000006789200000062000000