000000000000000000000000
000000000000000000000000
000000000000000000000000
000000000000000000000000
000000000000000000000000
000000270000000000000000
000000975000000000000000
000000784000000000000000
000000084000000000000000
000000470000000003100000
000000960000000046400000
000000970000000054400000
000000970000000055800000
000000960000000055000000
000001860000000055000000
000006850000000355000000
000006750000000616100000
000007752000000686000000
000009742000000066000000
000009742000000066000000
000009743000000067000000
000009744000000577000000
000009753000000077000000
000008764000000017000000