000000000000000000000000
000000000000000000000000
000000000000000000000000
000000000000000000000000
000000000000000000000000
000000450000000000000000
000000753000000000000000
000000962000000000000000
000000066000000000000000
000000650000000000000000
000000740000000008600000
000000850000000076600000
000000750000000077900000
000000740000000077200000
000003640000000077000000
000008630000000077000000
000008530000000838300000
000009531000000898100000
000008521000000088000000
000007521000000088000000
000007521000000089000000
000007522000000799000000
000007531000000099000000
000016542000000029000000