000000000000000000000000
000000000000000000000000
000000000000000000000000
000000000000000000000000
000000000000000000000000
000000720000000000000000
000000421000000000000000
000000732000000000000000
000000039000000000000000
000000920000000000000000
000000410000000008900000
000000520000000099900000
000000420000000099600000
000000410000000099500000
000006310000000099000000
000008310000000099000000
000008210000000868600000
000007214000000868400000
000005224000000088000000
000004224000000088000000
000004223000000087000000
000004222000000077000000
000004213000000077000000
000003212000000057000000