000000000000000000000000
000000000000000000000000
000000000000000000000000
000000000000000000000000
000000000000000000000000
000000810000000000000000
000000312000000000000000
000000623000000000000000
000000029000000000000000
000000910000000000000000
000000310000000007900000
000000410000000089900000
000000311000000088500000
000000310000000088600000
000007210000000088000000
000007220000000088000000
000007120000000777700000
000006125000000757500000
000004135000000077000000
000003135000000077000000
000003134000000076000000
000003133000000066000000
000003124000000066000000
000002113000000066000000