000000000000000000000000
000000000000000000000000
000000000000000000000000
000000000000000000000000
000000000000000000000000
000000830000000000000000
000000135000000000000000
000000326000000000000000
000000026000000000000000
000000630000000000000000
000000140000000004600000
000000131000000056600000
000000134000000055200000
000000143000000055900000
000009240000000055000000
000004250000000055000000
000004350000000494900000
000003358000000424800000
000001368000000044000000
000001368000000044000000
000001367000000043000000
000001366000000033000000
000001357000000033000000
000012346000000093000000