000000000000000000000000
000000000000000000000000
000000000000000000000000
000000121100000000000000
000000343200000000000000
000000197310000000000000
000000897310000000000000
000000596410000010000000
000000092300000133000000
000000094100001236000000
000000887310013564000000
000000798420012432200000
000003898530000333630000
000000882032000233000000
000000981031000330000000
000000971020001633000000
000000975320002424000000
000005974210003464400000
000007964200020644420000
000008964100023444120000
000008965100022545010000
000008966200011455000000
000008975300001555000000
000089986300001435000000