000000000000000000000000
000000000000000000000000
000000011000000000000000
000000232200000000000000
000000454310000000000000
000000188420000000000000
000000986420000000000000
000000695520000121000000
000000093400000244000000
000000085200012347000000
000000078420124675100000
000000889530023543300000
000004987640001444740000
000001973143001340000000
000000972042001440000000
000000962031002740000000
000000866031003510000000
000000863320014575000000
000008853310030755500000
000009853210030555200000
000009854200033656120000
000009855300022566000000
000009864400012666000000
000009875400012526000000