000000000000000000000000
000000000000000000000000
000000122100000000000000
000000343310000000000000
000000565420000000000000
000000279531000000000000
000000975531000100000000
000000784631000232000000
000000184510001355000000
000000076300123450000000
000000069531235786200000
000000979641134654400000
000000976751012555850000
000002964254002450000000
000000863153002550000000
000000853042003850000000
000000757042014610000000
000000752031025680000000
000000742420041860000000
000009742320040666000000
000009743310144767200000
000009744400033677100000
000009753500023777100000
000018764510023617000000