000000000000000000000000
000000000000000000000000
000000344300000000000000
000000565530000000000000
000000787641000000000000
000000458753000000000000
000000753753102320000000
000000962853102454000000
000000366732013570000000
000000158511345670000000
000000048753457998000000
000000057863356876600000
000000054973234777970000
000000746476124672200000
000000645375124770000000
000001635264125900000000
000000539264236800000000
000000531253247800000000
000000521642263980000000
000000521542262880000000
000000521531366980000000
000007522621205890000000
000007531720245990000000
000006542730145820000000