000000000000000000000000
000000000000000000000000
000000055400000000000000
000000676640000000000000
000000898752000000000000
000000547864000000000000
000000642864203430000000
000000951964203565000000
000000457843124680000000
000000249622056780000000
000000037864568980000000
000000046974467987700000
000000043984345888880000
000000637587235783310000
000000536486235880000000
000002526375236800000000
000001429375347900000000
000000422364358900000000
000000412703374800000000
000000412653373990000000
000000411642477990000000
000006411732316990000000
000006421831356990000000
000005431840256930000000