000000000000000000000000
000000000000000000000000
000000088900000000000000
000000767790000000000000
000000545688000000000000
000000831579000000000000
000000135579809990000000
000000326479869878000000
000000926599089755000000
000000834788087650000000
000000041579875320000000
000000031469976456000000
000000034359998555200000
000000146856898659970000
000000247957898550000000
000008257968897200000000
000007353968996400000000
000000358979985400000000
000000368609969200000000
000000368789969440000000
000000367798966340000000
000001366698977430000000
000001357594987330000000
000002346590887490000000