000001222210000000000000
000001223221000000000000
000002344531000000000000
000002323352001100000000
000002111247102211000000
000001474135203322100000
000001579135706563100000
000002269135796434000000
000002562156075319000000
000000771377143212000000
000000184135431232000000
000000075125532112100000
000000178215654111320000
000000582412764216681000
000002683513764112332000
000007693624763331011000
000018792624652120000000
000012797635641120000000
000012797236625310000000
000001797346626110000000
000001798357522210000000
000001799267683120000000
000005798068643220000000
000006789152743161000000