000000000000000000000000
000000000000000000000000
000000000000000000000000
000000000000000000000000
000000000000000000000000
000000000000000000000000
000000000000000000000000
000005500000000000000000
001235292320000000000000
011223494144411235320000
001122487312113565321000
001122398422212432422100
001122498532321333653210
011223882132431233354300
012235981231431335660000
012234971321431664210000
012345975321322453110000
011345974312313453110000
000000000000000000000000
000000000000000000000000
000000000000000000000000
000000000000000000000000
000000000000000000000000
000000000000000000000000