000000000000000000000000
000000000000000000000000
000000000000000000000000
000000000000000000000000
000000000000000000000000
000000000000000000000000
000000000022220000000000
000000002222222200000000
000000022222222220000000
000000022300003322000000
000002233300003333200000
000023333000000333332000
000333344000000444444000
000045444400000444530000
000000455400004455000000
000000044550055540000000
000000003444444400000000
000000000034443000000000
000000000000000000000000
000000000000000000000000
000000000000000000000000
000000000000000000000000
000000000000000000000000
000000000000000000000000