000000000000000000000000
000000000000000000000000
000000000000000000000000
000000000000000000000000
000000000111111111000000
000000111222222211111000
000111222333333322211111
001223334444444433322211
122334455660006554433222
233445567200000866544332
344566722200000022765544
556782222000000022227655
679222211000000011111675
445671111100000011175443
223445681100000117544321
112233455660000654332100
111112223344143332210000
000011111222222111000000
000000000000000000000000
000000000000000000000000
000000000000000000000000
000000000000000000000000
000000000000000000000000
000000000000000000000000