000000000000000000000000
000000000000000000000000
000000000000011110000000
000000001111111111111000
000000111222222222111111
000111222333333322222111
001222333444444433322222
112334445555005544433322
233445566770000665544333
344556678100000077655443
455677811100000011876655
667891111000000011118766
789111111000000011111586
556782111100000011286554
334556792100000028655432
223344566770000765443210
222223334455254443321000
111122222333333222100000
011111111111111100000000
000000000000000000000000
000000000000000000000000
000000000000000000000000
000000000000000000000000
000000000000000000000000