000000000000000000000000
000000000001111111111100
000000001111122221111111
000001112222222222222111
000111222333333333222222
001222333444444433333222
112333444555555544433333
223445556660000655544433
344556677800000076655444
455667789100000088766554
566788911000000001987766
778991111000000001119877
898111122000000002222497
667893222200000002397665
445667893200000039766543
334455677880000876554320
333334445566365554432100
222233333444444333210000
122222222222222211000000
111111111111111000000000
111111111100000000000000
000000000000000000000000
000000000000000000000000
000000000000000000000000