000024455666600000000000
000345566667770000000000
003556667777788000000000
045667778888888880000000
456777888999999990000000
667888999999999999000000
778999999832334899900000
889998887222223388800000
999887761111112367780000
988776650000011235670000
877655410000001237456000
665437700000000137774000
542777200000000138888000
776542200000000138946000
998772100000000094677000
999981000000000267881000
999911000000000889990000
888810000000009999870000
788800000888088877600000
777700000777777665100000
777700000766665542000000
666600006665554421000000
666660005555443210000000
555555555544432110000000