222246677000000000000000
222567788800000000000000
225778889900000000000000
267889999990000000000001
678999999888000000000001
889999888777000000000011
999888777654500000000111
998776665444445560011111
877665543333334545511111
766554432222233453452112
655433232111123459234222
443219921100022359992222
321999410000002359999222
554324400000000359824222
776554300000000282455222
887763200000000045663222
888833221000000667782222
999932210000000888992222
999922110001299999822222
999922110009999887322222
999921100088887764222222
888811000087776643222222
888811000077665432222222
777770000066654332222222