333357788000000000000011
333678899000000000000011
336889999900000000000111
378999998800000000001112
789999888770000000001112
999888777666000000011122
998777666565000001111222
887665554555506651122222
766554434444445634422222
655443323333344562343223
544322143222234569123333
332119932210033469991333
212999521000003468888333
443215510000000468713333
665445410000000371344333
776654310000000034554333
777744332000000556673333
888843321000101777893333
988833221000388899933333
999933221000999998433333
999932210009998875333333
999922110008887754333333
999922100008776543333333
888881100007765443333333