777798877000000122334455
777987766000000122344455
779776665000000123344555
787665554000000123445556
876555444300001233445556
665444333200001334455566
554333222190013445555666
443221111990039915566666
322111128888289921166666
211112237777788993217667
111233487666678995432777
223455576652077895554777
346555965440000894444777
112349954300000094342777
221119853100000034211777
332218753100001221118777
333388776320023112237777
444487765420045333457777
544477665420044455677777
555577665420055667877777
555576654310067789777777
666666554310078898777777
666666543200009987777777
777775543200009887777777