888864433300004566778899
888543322300004566788899
885332221200004567788999
843221111200004567889999
432111111200005677889999
221111222300035778899999
111222333450057889999999
112334445660375549999999
233445567777676565599999
344556678888877657658998
455677878999087651876888
667891189990008751118888
789111699880000051111888
556786698700000051286888
334556797500000428655888
223347897510045665447888
222277889760067443328888
111178899860009222118888
111188999860001111288888
111188999860001223788888
111189998750003346888888
222299998750004467888888
222299987600005678888888
333339987610006778888888