777753322400015677889999
777432211400005677899999
774221111300005678899999
732111112300005678999998
321111222300006788999998
111222333400046889999988
112333444540068999999888
223445556550484459988888
344556676666765476688888
455667787777766548767887
566788967888076541987777
778991178890007641119777
898111589990000142222777
667895599800000142397777
445665698000001539766777
334456798620056776556777
333366778870078554437777
222267789970009333217777
122277889970002211177777
111177889970001112677777
111178899860012235777777
111188999800003356777777
111188998700004567777777
222229998720005667777777