555531111600037899998877
555211122600007899988877
552112223500007899988777
511223334500007899887776
112333444500008999887776
223444555610068998877766
334555666720089887777666
445667778332692277766666
566778894444943298866666
677889995555544329985665
788999845660054323899555
999873356670000423338555
986333367800000324444555
889983378000001324589555
667883479000023758988555
556674579840078998774555
555544556990099776655555
444445567890027555435555
344455667890014433255555
333355667800013221455555
333356678900031113555555
222266778900011134555555
222266789900002345555555
111117789940023445555555