222213344900009877665544
222234455900009877655544
222445556800009876655444
234556667800009876554443
345666777800028766554443
556777888940098665544433
667888999921386554444333
778999998115962294433333
899998871111711278833333
999887762220211126782332
988766512330001126567222
776546623300000126665222
653666134000000627777222
887651145000024627857222
999881146210056985788222
889991246870098778991222
888811223600076999982222
777712234500254888762222
677722334500047766522222
666622334500046554122222
666623345000064431222222
555533445000043311222222
555533456700032112222222
444444456770351112222222