111135566800007655443322
111456677800007655433322
114667778900007654433222
156778889900007654332221
567888999920046544332221
778999999860086443322211
889999888743564332222111
999887776337844472211111
988776652220523456611111
877665541110022344561111
766544321100000348345111
554328811000000248883111
431888312000002849999111
665433323100046849935111
887663224430078793566111
998872124690076556772111
999922111410054778891111
999921112300072999981111
899911112300069988711111
888811112300068776211111
888811123000086653111111
777711223100065532111111
777711234522254321111111
666662234591573221111111