222246677700006544332211
222567788700006544322211
225778889800006543322111
267889999800006543221111
678999999830055433221111
889999888770175332211111
999888777654653221111111
998776665448735561111111
877665543330434545511111
766554432220003453452112
655433232100000459234222
443219921000000359992222
321999411000013959999222
554324412200057959824222
776554313540089682455222
887763213590065445663222
888833221320043667782222
999932211200081888992222
999922111200079999822222
999922111200079887322222
999921112100097764222222
888811112200076643222222
888811123430365432222222
777771123492684332222222