999986655100002344556677
999765544100002344566677
997554443110012345566777
965443332150062345667778
654333222192373455667778
443222111157813556677788
332111111278635667777888
221112223880057727788888
111223349990000743388888
122334459900000075439889
233455699200000873654999
445673398100026973336999
568333887530089372222999
334568876930075372164999
112338975710043216433999
111129975310023443229999
111199998510005221119999
222299987620007111239999
322299887600002233499999
333399887400003445999999
333398876831035568999999
444488776972756689999999
444488765496967899999999
555557765429648999999999