666642211520036788999988
666321111520036788999988
663111112450056789999888
621112223490096789998887
211222333456737899998887
112333444518757999988877
223444555634279998888777
334556667444003368877777
455667785550000387777777
566778896600000039876776
677899956600000432998666
889982267500019532229666
997222478970075233333666
778994489670001233498666
556774589353002649877666
445565689750007887665666
444455667950009665546666
333356678960008444326666
233366778940000322166666
222266778840001111566666
222267789775021124666666
111177889686812245666666
111177899859523456666666
111118899836214556666666