333312233850069988776655
333123344850069988766655
331334445780089987766555
323445556772269987665554
234555666729919877665554
445666777835489776655544
556777888911297665555444
667889999117001195544444
788999982220000089944444
899998873300000017893443
999877623900000015678333
887655534800006215556333
764555145790042516666333
998761156392003516768333
889991257186005976899333
778892357980039889992333
777722334780007998873333
666623345690005777653333
566633445670002655433333
555533445870004443233333
555534456498053321333333
444444556359032212333333
444444567826221123333333
333335567863241223333333