111124455971088766554433
111345566971188766544433
113556667991198765544333
145667778954448765443332
456777888918737655443332
667888999953297554433322
778999999832475443333222
889998887229003383322222
999887761110000267722222
988776651100000035671221
877655411800000037456111
665437712900004137774111
542777223570001738888111
776542234174005738946111
998772135390007894677111
999981135790007667881111
999911112590005889991111
888811123480003999871111
788811223490004877611111
777711223690006665111111
777712234279075542111111
666622334138054421111111
666622345614143211111111
555553345681462111111111