111135566882197655443322
111456677882297655433322
114667778982287654433222
156778889945537654332221
567888999927646544332221
778999999862186443322211
889999888743564332222111
999887776339004472211111
988776652220000356611111
877665541100000044561111
766544321700000148345111
554328811800003248883111
431888312460012849999111
665433323160006849935111
887663224480008793566111
998872124680006556772111
999922111480004778891111
999921112370002999981111
899911112390005988711111
888811112590007776211111
888811123168086653111111
777711223127165532111111
777711234523254321111111
666662234591573221111111