222246677793296544332211
222567788793396544322211
225778889873376543322111
267889999836626543221111
678999999836555433221111
889999888771175332211111
999888777654653221111111
998776665440015561111111
877665543330000445511111
766554432200000053452112
655433232600000259234222
443219921700012359992222
321999411350023959999222
554324412250007959824222
776554313570009682455222
887763213570005445663222
888833221370003667782222
999932211260001888992222
999922111280006999822222
999922111480008887322222
999921112157197764222222
888811112216276643222222
888811123432365432222222
777771123492684332222222