555579999476563211112233
555899988476663211122233
558998887546643211122333
599887776519923211223334
998777666563282111223334
887666555493442112233344
776555444387921223333444
665443332770048833344444
544332216660000712244444
433221115500000281125445
322111265000000587211555
111237754000042687772555
124777743120056786666555
221127732520039786521555
443227631840027352122555
554436531240022112336555
555566554100021334455555
666665543200033555675555
766655443000019677855555
777755443100018889655555
777754432420079997555555
888844332533599976555555
888844321162698765555555
999993321165987665555555