888897766149831233445566
888876655149931233455566
888665554219911234455666
876554443247751234556667
765444333291282344556667
554333222166012445566677
443222111180004556666777
332111112990000816677777
211112239900000032277777
111223348000000004328778
122344590000000884543888
334564487000005984445888
457444976420089483333888
223459965820066483253888
111229964800054125322888
221119864200052332119888
222299887400054111128888
333398876500066222348888
433388776100047344588888
444488776000045556988888
444487765000006679888888
555577665000007799888888
555577654300078998888888
666666654330059998888888