999975544228913455667788
999654433228813455677788
996443332128820456677888
954332221165000056778889
543222111183000066778889
332111111240000067788899
221111222000000008888999
111223330000000000899999
122334450000000000099999
233445560000000000009999
344566781100000000005999
556782299100000002027999
679222798610008261111999
445677787900004261175999
223447886600002317544999
112238986420000554338999
111188999610000332219999
111189998700000111129999
211199998300000122399999
222299998200000334899999
222299987100004457999999
333399887000005578999999
333399871000000789999999
444448876000000889999999