222213340000009870000044
222234450000000000000004
222445551000000000000004
234556660000000000000003
345666771110000000000003
556777883220000000000003
667888993330000000000003
778999964500000000000003
899998876650000000000003
999887767763000000000000
988766518004000001000000
776546620000000003000000
653666134000000001300000
887651145003000007802000
999881146003000005710200
889991246000000008991000
888811223000000009982222
777712234000000000762221
677722334000000000522222
666622334000000000122222
666623345800000000222222
555533445050000000022222
555533458750000000022222
444444456640000000022222