888864400000000000000001
888543320000000000000001
885332228900000000000001
843221117700000000000002
432111116669000000000002
221111224150000000000002
111222311100000000000000
112334211000000000000000
233445110000000000000000
344552100300000021000000
455672102340000006000000
667891002440000004700000
789111002444000008473000
556786002400000001279800
334556700400000008669520
223347890000000004447983
222277880000000002328859
111178891110000000118886
111188998100000000288888
111188999200000000788888
111189998030000000488888
222299998080000000288888
222299982990000000088888
333339987130000000088888