555531132111100000000000
555211122221100000000000
552112225732100000000000
511223334432111000000000
112333443336210000000000
223444551422100000000000
314555644421100000000000
401667544221100000000000
100778442321100000000000
000185432632110000000000
000095425673211000000100
000013325773210000000211
000001125777210000000322
000000000000000000000822
000000000000000000000253
000000061111100000000786
000004553211110000000526
000045564442110000000553
000055665432100000000055
000355666521100000000055
303356678321000000000055
222266778213010000000055
222266785662110000000055
111117789312110000000005