333312254333322010000000
333123344443312110000000
331334443554322211000000
323445552254333210000000
234555661114432110000000
445666772614322110000000
536007866643322110000000
621009766443322110000000
310000664543322111000000
210000654854332211100000
210000047895433221100000
210000007995432211100000
100000000000000000000000
100000000000000000000000
100000000000000000000000
100000000033322211000000
210000005433332211000000
210000046664332111000000
210000443654322110000000
210000444743322110000000
521004456543221200000000
441004556435211201000000
444444567444312001000000
333335567534332211000000