333357799088877565554433
333678890008867665554433
336889920009877766544443
378999910000888765554433
789999200000087665554433
999883100000077665544433
988542100000007665554443
876532100000000665554444
865432000000000666555444
765431000000000066655440
765431000000000000000000
765431000000000000000000
655421000000000000000000
655421000000000000002222
655431000000000000044433
655431000000000060555444
765432100000000766555443
765432100000000666554443
765432100000007665554433
765442100000007665544433
976543210000076755544333
996543210000066756445332
999924310000867556453342
888881121000887766553322