555579978200099787776655
555899982100089887776655
558998842000009988766665
599887731000000987776655
998777421000000887776655
887665320000000087766655
796764320000000007776665
698754310000000000776666
987654210000000000777666
987653210000000000010000
987653210000000000000000
987653210000000000000000
877643210000000000000000
877643210000000000000000
877653210000000000000005
877653210000000000070066
987654310000000000777665
987654320000000000776665
987654320000000007776655
987664321000000007766655
798765431000000077766555
888765432000000078667554
888846532100000778675564
999993343200000988775544