777753311944444322110000
777432219844444432211000
774221189554444443321100
732111198555444444332111
321111898555554444433221
111227997555555544443322
122568995500555554444332
234578985500555555544443
245678985500555555555444
345679985500555555555544
345679985500555555555544
345679985500555555555544
455689985500555555555554
455689985500055556666655
455679985100056666666665
455679985100666666657766
345678987550666666655667
345678997160666666556667
345678997666666666556677
345668998666666665566677
134567898766666655566777
114567899766666654665778
111186799866666554657768
222229989976667344557788