555531132866666544332221
555211128966666654433222
552112268776666665543322
511223379777666666554333
112333689777776666655443
223445789777777766665544
314346787700777776666554
412356797720777777766665
123456897710777777777666
123457897700077777777766
123457897700777777777766
123457897700777777777766
233467897700077777777776
233467897700077778888877
233457897300078888888887
233457897300088888839984
123456799700888888833445
123456789382888888334445
123456789888888888334455
123446789888888883344455
312345679988888833344555
222345678988888832443556
222264578988888332435546
111117767898889122335566