222246698277777899998887
222567782377777789999888
225778812667777778899988
267889913666777777889999
678999123666667777788999
889992124660666677778899
979431126600066667777889
965421136600666666677778
754321236600666666666777
654321236600066666666677
654321236000066666666677
654321236000066666666677
544311236000066666666667
544311236000266665555566
544321236000065555555556
544321236000035555544453
654321134000025555544332
654321124000015555443332
654321120000005555443322
654331120000005554433322
965432110000005544433222
885432112000055545334221
888813212055055445342231
777771111045054655442211