777798856422222344556667
777987764322222234455666
779776664112222223345566
787665553111222222334555
876555643111112222233445
665447542120011122223344
574986541110011112222334
489976531100011111122223
799876431200111111111222
899875432000011111111122
899875431000011111111122
899875431000001111111122
999865431000011111111112
999865431000011111111111
999875431100011111111111
999875431000081111192218
899876532000001111199887
899876542000001111998887
899876542000001111998877
899886540000001119988877
589987620000001199988777
669987650000001199889776
666668751000011999897786
777775565021012899997766