555531132866666544332221
555211128966666654433222
552112268776666665543322
511223379777666666554333
112333689777776666655443
223445789795200766665544
314346787784000776666554
412356797763000777766665
123456897952007777777666
123457899740000777777766
123457898730000777777766
123457898620000077777766
233467898730000777777776
233467897740000778888877
233457897851000888888887
233457897740000888839984
123456799740000088833445
123456789630000088334445
123456789510000088334455
123446787400000083344455
312345696300000003344555
222345677300000002443556
222264578510000332435546
111117767630630122335566