333312254688888766554443
333123346788888876655444
331334446998888887765544
323445557999888888776555
234555467999998888877665
445663568987400988887766
536124569996200098888776
621134579985100999988887
311234679874000999999888
211235678962000999999988
211235679950000199999988
211235679840000099999988
111245679950000999999998
111245679960000999999999
111235679973000999999999
111235679962000099918892
211234578962000099911223
211234568850000099112223
211234568730000099112233
211224569610000091122233
521123488500000001122333
441123459510000001221334
444442359730000011213324
333335545851050211113344