111135587388888999887776
111456673488888899988777
114667713778888889998877
156778824777888888999888
567888134777778888899998
778991235759000788889999
869321237769500178888999
954311247788100777788889
643211347597000777777888
543212345795000707777788
543212346780000077777788
543212346870000177777788
433212346780000777777778
433212347790000776666677
433212347691000066666667
433212347795000066635562
543211245795000066633221
543211235883000006332221
543211235962000006332211
543221237940000003322211
854321158830000003322111
774321127840000004223111
777712126960000034231121
666662212884302544331111