222246698277777899998887
222567782377777789999888
225778812667777778899988
267889913666777777889999
678999123666667777788999
889992124648000677778899
979431126659000267777889
965421136679200666677778
754321236488100066666777
654321234696000016666677
654321235691000066666677
654321235781000266666677
544311235691000666666667
544311236691000065555566
544321236582000155555556
544321236696000055544453
654321134696000055544332
654321124790000005443332
654321124870000000443322
654331126950000000433322
965432147940000000433222
885432116950000000334221
888813215871000045342231
777771111795403655442211