666689967333333455667778
666998873233333345566777
669887753223333334456677
698776642222333333445666
987666532200003333344556
776556431200013233334455
685875432200003623333445
599865422000000022233334
898760322000000002222333
998764320000000052222233
998764321260021122222233
998764321370022632222233
988754321200002223322223
988754322200001421111122
988764000000003511111112
988764000000002311181117
998765400000000222188776
998765411000000012387776
998765431210000013387766
998775432220033333877766
699876513620023334877666
779876542630023344778665
777757641480024489786675
888884454360027999886655