999975523722222111223334
999654437622222211122333
996443397332222221112233
954332286333222222111222
543222976000442222211112
332119875000057322221111
241789873000347932222111
156799861000034233322221
467894110000102233333222
567898100000011493333322
567898100000001563333322
567898764200160003333322
677898764000046337733332
677898763000025834444433
677898443000012222444443
677898330000001112275548
567899800000000111277889
567899000000000001178889
567890000000000001778899
567880000000000007788899
256789000000000078788999
336789983000407788887999
333398984010468876879989
444448898010468566779999