777753311944444322111112
777432219844444432211111
774221189554444443321111
732111198555444444332111
321111898122664444433221
111227997001279544443322
122568990001569754444332
234578983000256455544443
245676332000111455555444
345679320000003685555544
345679320000003785555544
345679900002011225555544
455689000001201159955554
455689080000240956666655
455679660000134444666665
455679500000123334457766
345678000000012333455667
345670000000112223356667
345600000000011123956677
345000000000000129566677
134000000000000199566777
114500000000000999665778
111180000000009954657768
222229900000086344557788