555531132866666544332221
555211128966666654433222
552112268776666665543322
511223379777666666554333
112333689344886666655443
223445789000498766665544
314346780003788576666554
412356795000478677766665
123458554000333677777666
123457540000225867777766
123457540000025997777766
123457820000013447777766
233467200000003378877776
233467100000012778888877
233457100000056666888887
233457720000345556639984
123456210000234555633445
123452100000334445534445
123421100000233345834455
123211000000122348344455
312211000000122387344555
222311000000012877443556
222261000000017732435546
111117700000094122335566