111124476499999988776665
111345564599999998877666
113556624889999999987766
145667735888999999998777
456777245700779999999887
667881346000064899999988
758212344000074189999998
843212359000087988899999
532117998000077988888999
432113984100069728888899
432113984100069658888899
432113463000007888888899
322123633000007784488889
322123542000006387777788
322113542000009999777778
322113832000009999926671
432112632000008999922111
432116540000008889921111
432165530000007789421111
432655420000066784211111
743655410000006743211111
663255400000006433112112
666625400000003323121112
555553300000001433221122