222246698277777899998887
222567782377777789999888
225778812667777778899988
267889913666077777889999
678999123000057777788999
889992124000002677778899
979431126000002267777889
965421138000005766677778
754325889000009766666777
654321896300008516666677
654321896300008436666677
654321285200000996666677
544311855000000962266667
544311764000000065555566
544321764000000077555556
544321654000000087744453
654321854000000088744332
654328762000000098843332
654387750000000098243322
654877640000000092433322
965877630000000021433222
885477620000000211334221
888817600000000145342231
777771100000000655442211