999986634611111122334445
999765546511111112233444
997554486221115411123344
965443375222764201112333
654333865100000011111223
443229764100000000111122
352898764000000001111112
267898751400000022211111
578993112500000022222111
678997126900000082222211
678997126920000052222211
678997647920000022222211
788987477610000026622221
788987568510000023333322
788997568000000011333332
788997275000000001184439
678998474000000001188999
678994566000000001189999
678945575000000001689999
678455685000000005899999
367455694000000005899999
447855664000000004998998
444485654000000000989998
555557754000000000889988