999975523722222111223334
999654437622222211122333
996443397332226521112233
954332286303875302111222
543222976200000002211112
332119875200000000221111
241789875000000000222111
156799861500000033322221
467894111600000033333222
567898115810000093333322
567898115830000063333322
567898736930000013333322
677898366720000037733332
677898457620000034444433
677898457000000022444443
677898366000000002275548
567899365000000001277889
567893457000000001178889
567834466000000001778899
567344576000000006788899
256344585000000006788999
336744570000000005887999
333394565000000000879989
444448865000000000779999