333312254688888766554443
333123346788888876655444
331334446920887887765544
323445557000068938776555
234555467800000008877665
445663568000000001887766
536124568100000000888776
621134577800000009988887
311239776700000099999888
211235762200000049999988
211235762200000079999988
211235641300000069999988
111245411600000096699998
111245321000000099999999
111235300000000088999999
111235900000000018818892
211230000000000007811223
211230000000000007712223
211240001100000017612233
211433011100000027122233
521433211100000027122333
441133222200000008221334
444443274400000003213324
333335570000000005113344