222213365599999877665554
222234455699999987766555
222445535930996798876655
234556646000057949887666
345666356000000119988776
556772457000000012998877
647113457200000001999887
732123468700000009999998
421128887600000009999999
321124873100000139999999
321124000000000169999999
321120000000000179999999
211100000000000195599999
211000000000000198888899
211000000000000199888889
211000000000000129917781
321120000000000018911112
321121111000000018811112
321151112000000028511122
321544122000000036111122
632544322000000036111222
552144333000000017111223
555534365500000014112213
444444460000000016112233