111135587388888999887776
111456673488888899988777
114667713752884589998877
156778824111235768999888
567888130000000338899998
778991230000000134889999
869321230000000023888999
950311200000000127788889
600011100000001227777888
500211000000002317777788
500211001000002347777788
500112002000001397777788
430112000000001373377778
430112100000001376666677
430011000000000388666667
430010000000000348835562
540000000000000039833221
540000000000000039932221
543003330000000049332211
543766340000000054322211
854766540000000054322111
774366550000000035223111
777716540000000036231121
666662200000000038331111