222246698277777899998887
222567782377777789999888
225778812663773478899988
267889913222300677889999
678999120100001447788999
889992120000000045778899
979431120000000134777889
961421110000000236677778
701122210000002336666777
001322110000003416666677
000322102000000436666677
600223003100000496666677
500220011100000462266667
540000211000002465555566
540000000000000477555556
540000000000000457744453
650000000000000048744332
650000001000000048843332
654004440000000058243322
654877450000000063433322
965877650000000063433222
885477660000000044334221
888817630000000047342231
777771100000000009442211