888897745511111233445556
888876655411111123344555
888665575179114312234455
876554464888900161223444
765444750000000991122334
554338655000000098112233
463997650000000799111223
377987670000003891111112
567788874000000991111111
267988776000000971111111
346988765000000941111111
035889665000000931111111
004886655000000915511111
003666555000000912222211
002565300000000311222221
800355000000000081193329
500050000000000092199998
780000000000000022299998
789000996000000012599988
789006986000000014999988
478566786000000014999888
558966776000000003999887
555576746500000002998897
666666600000000002998877