777753311944444322111112
777432219844444432211111
774221189536448743321111
732113333377644524332111
323333333344444554433221
111333333333444454443322
123333333334444865444332
233333333344447765544443
998333333344444665555444
698333333344444585555544
789333333334444585555544
479333333334444525555544
448333333334444559955554
447333333334444556666655
333333333334444744666665
333333333334444444457766
333333333333444453455667
333333333333444463356667
333333333333444453956677
333333333333444458566677
133333333333444458566777
134333333333444447665778
131133333333444446657768
233333333333444446557788