222213365599999877665554
222234455699999987766555
222445535931996798876654
234558888800003349887644
348888888000000339988444
556888888000000333998444
648888880000000333999444
738888888000000333999444
543888880000000033994444
843888880000000339999444
764888888000000339999944
975888888000000339999944
996888888000000333599944
997888888000000333888444
888888880000000333884444
888888200000000033944444
888888000000000033944444
888888000000000033344444
888888003000000033344444
388888003000000033144444
688888803000000033344444
582888808000000033144444
585588800000000033114444
488888880000000033114444