222246698277777899998887
222567782377777789999888
225778812663773478899987
267888888800006677889977
678888888100000667788777
889888888000000666778777
978888883000000066777777
968888888000000666677777
211888880000000066667777
511888880000000666666777
431888888000000666666677
742888888000000666666677
773888888000000666266677
774888888000000666555777
888888880000000666557777
888888510000000066777777
888888000000000066777777
888888000000000066677777
888888000000000066677777
688888006000000066477777
988888806000000066677777
885888808000000066377777
888888800000000066347777
788888880000000066447777