333357799166666788999998
333678891266666678899999
336889921574662367789998
378997777700007786778988
787777777000000776677888
999777777000000777667888
987777774000000077666888
877777777000000777566888
112777770000000077558888
412777770000000775555888
321777777000000775555588
631777777000000775555588
662777777000000777155588
663777777000000777444888
777777770000000777448888
777777620000000077688888
777777000000000077688888
777777000000000077788888
777777000000000077788888
777777007000000077588888
977777707000000077788888
976777707000000077488888
979977700000000077458888
877777770000000077558888