666689967333333455667778
666998873233333345566777
669887753297332134456678
698722222433339983445688
984222222233333993344888
776222222223333999334888
684222222223333399333888
594222222223333999233888
342222222223333399228888
142222222223333992222888
124222222223333992222288
313222222223333992222288
332222222223333999322288
331222222223333999111888
442222222223333999118888
442222222223333399388888
222222222222333399388888
222222222222333399988888
222222222222333399988888
222222222222333399888888
222222222222333399988888
222222222222333399788888
722222222222333399788888
822222222222333399888888