999986634611111122334445
999765546511111112233444
997554486269115411123345
965455555166666651112355
651555555066666061111511
443555555000000006111111
351555555000000000011111
261555550000000000211111
675555550000000006211111
375555555500000002222111
457555555500000062222111
146555555500000002222111
115555555500000006622111
114555555500000006333111
115555555500000006335111
115555555000000006111111
555555550000000006111111
555555500000000000111111
555555500000000000111111
555555000000000000111111
555555000000000000151111
555555500000000000111111
455555500000000000111111
555555550000000000111111