999975523722222111223334
999654437622222211122333
996443397358226521112234
954366666177775542111244
541666606177770152212422
332666600000000115222222
241666600000000011122222
151666600000000111322222
786666600000001115322222
486666660000001113333222
568666666000001153333222
257666666000001113333222
226666666000001115733222
225666666000001115444222
116666666000001115444222
116666600000001115222222
666666000000000115222222
666666000000000111222222
666660000000000011222222
666660010000000011222222
666660010000000111242222
666660010000000111222222
366666010000000111222222
466666060000000111222222