444421143777777655443332
444112237877777765544333
441223357813778976654432
412388888677771127665422
126888808670070617767277
334888800000000661777777
426888800000000066677777
516888800000000066877777
768888000000000661877777
968888880000006668888777
986888880000006618888777
797888888000006668888777
778888888000006661788777
779888888000006661999777
668888888000006661992777
668888800000006661777777
888888000000000661777777
888888000000000066777777
888883000000000066777777
888880000000000066777777
888880060000000066727777
888880060000000666777777
388880060000000666777777
288888080000000666777777