222246698277777899998887
222567782377777789999888
015778812663773478899987
000023333822236677889977
000000001222335867787777
000000001122234886777777
000000001112223388877777
000000001122233588677777
000000011222335886677777
000000011222348886666777
000000011222348866666777
000000011222348886666777
000000111222338886266777
000000111222338886555777
000000111222338886557777
000000111222338886777777
000000111222334886777777
000000011122233588777777
000000011122233588777777
000000011122233588777777
000000011122233588777777
000000011122233888777777
000000011222233888777777
000000111222233888777777