444468889155555677889999
000089991155555567788999
000009931485551256678899
000000011611158895667890
000000003444557685565900
000000003344456668555000
000000003334445566655550
000000013344455766455555
000000033444557668455555
000000033444566664444555
000000133444566684444555
000000233444566664444555
000002333444556668144555
000002333444556668333555
000002333444556668339555
000002333444556668555555
000012333444556668555555
000011233344455766555555
000001233344455766555555
000000233344455766555555
000000233344455766595555
000000233344455666555555
000000233444455666555555
000000333444455666555555