000009967333333450600000
000008873233333300000000
000000753297332030000000
000000022433379080000000
000000025666770000000000
000000000566670000000000
000000001556667000000000
000000035566677000000000
000000055666779400000000
000000055666784442000000
000000355666784492000000
000002455666784442220000
000000555666774449320000
000004555666774449100000
000004555666774449110000
000024555666774449333000
001034555666778449333000
001233455566677944333300
000123455566677944330000
000022455566677944300000
000012455566677944300000
000001455566677444330000
000000455666677444300000
000000555666677444000000