000007745511111232400000
000006655411111100000000
000000575179114210000000
000000044255597060000000
000000000888992200000000
000000000188890000000000
000000023778889000000000
000000057788890000000000
000000077888998200000000
000000077888992221000000
000000577888992271000000
000004677888992221100000
000000777888992227500000
000006777888992227200000
000006777888992227220000
000046777888992227110000
000056777888999227111000
003455677788899822111000
002345677788899822110000
000244677788899822100000
000034677788899822100000
000003677788899222110000
000001677888899222100000
000000777888899222000000