000000889155550000000000
000000991155551000000000
000008931485551000000000
000007911611152000000000
000006798444553100000000
000005698444457200000000
000035632334445610000000
000024613344456910000000
000013833444557620000000
000000733444566620000000
000000233444566620000000
000000233444566620000000
000000133444556620000000
000000033444556620000000
000000033444556620000000
000000003444556620000000
000000012444556620000000
000000012344455720000000
000000002344455710000000
000000001344455710000000
000000001344055710000000
000000001344005610000000
000000001444005610000000
000000001244000610000000