311111856422000000000000
210011764322000000000000
200001664188200000000000
211000633344480000000000
200000975777881000000000
100008975177784500000000
100008912667778900000000
100007946677783600000000
100006866777889350000000
000002466777893350000000
000002566777893350000000
000011566777893350000000
000011466777883350000000
000000366777883350000000
000000266777883350000000
000000236777183351000000
000000245777009351000000
000000145677000952000000
000000235677000042000000
000000234670000042000000
000000234670000000000000
000000234670000000000000
000000034710000000000000
000000134500000000000000