044444500000000000000000
043344400000000000000000
033334300000000000000000
004333300000000000000000
532333640000000000000000
432228742000000000000000
423328745990000000000000
433222779999980000000000
421119599999886100000000
321211199999871100000000
322211899999871180000000
332000899999871180000000
231010099999881181000000
221100099999881182000000
222100099999881183100000
222000069999481184200000
211100078999327184210000
211100008999321105310000
211100008999321000020000
211000007993321000000000
211000000093221100000000
111000000093221100000000
111000000043221100000000
110000000003221100000000