055555000000000000000000
054455000000000000000000
044445200000000000000000
015444200000000000000000
003444500000000000000000
003337600000000000000000
004437606000000000000000
044333689900000000000000
032229499888775000000000
432322199888762200000000
433322999888762290000000
443111999888762291000000
342121199888772292000000
332210099888772293100000
333201009888772294200000
333101009888572295310000
322210009888436295321000
322210000988432210421000
322210000988432110000000
322111000084432110000000
322111000084332210000000
222110000004332210000000
222110000000332210000000
221110000000332211000000