000000000000000000000000
000080000000000000000000
000078000000000000000000
000777200000000000000000
000777210000000000000000
006664320000000000000000
007764320000000000000000
000666381000000000000000
000056121000000000000000
000055466555000000000000
000005716555435571000000
720004766555435574000000
670054466555445575300000
665543366555445576420000
166534326555445577532000
606434221555845578643100
655542310055763578654300
055542100005765543254100
055543100005765443210000
005444200007765443210000
005444310007665543210000
005443330000665543321000
005443322000665543321000
004443321000105544321000