000000000000000000000000
000000000000000000000000
000000310000000000000000
000000532000000000000000
000009242100000000000000
000001153210000000000000
000091153210000000000000
000009154210000000000000
000000354310000000000000
000000733222100000000000
000000443222110000000000
953100032102118847310000
993100733222118848630000
998200633222118849752000
499217653222118849865100
939767554222818848976400
081075643212991848987620
008875432100998876587430
000876431010998776543221
000777531000098776543110
000077643000098876543210
000006663100098876654210
000076655300008876654321
000076654320008877654321