000000000000000000000000
000000010000000000000000
000000021000000000000000
000000043100000000000000
000000353210000000000000
000000264321000000000000
000001264321000000000000
000000245321000000000000
000000465421000000000000
000000022111010000000000
000000052111121000000000
864200003210129938400000
984210022111119939741000
099310022111119939863100
099320762111119938976200
049878665111719937987510
002186754321892937998730
000986543211099987698541
000087542100099887654332
000088642100099887654221
000008754100009987654321
000007774210009987765321
000007766410009987765432
000007765431000988765432