000000000000000000000000
000000001100000000000000
000000002100000000000000
000000004211000000000000
000000064321000000000000
000000375432100000000000
000000375432100000000000
000000036432100000000000
000000076532100000000000
000000001111101000000000
000000001111202100000000
075010000321039920000000
075321000111229929852000
009421001111229928974200
008431071111229927987310
008989776111629926898620
000297865431783926899840
000097654322109998799652
000098653210009998765443
000009753210009998765332
000000865210009998765432
000000885321000998876432
000000877521000998876543
000000876542100099876543