000000000000000000000000
000000000010000000000000
000000000021000000000000
000000000033100000000000
000000000543210000000000
000000007654320000000000
000000007654321000000000
000000008654321000000000
000000000754321000000000
000000000033321000000000
000000000033421021000000
000210000003210712000000
000043210003410717910000
000043210033447716896400
000053210333447715799531
000098910333447714689841
000009987653565714678962
000009876544321089978874
000000075432210089987665
000000075432110089987554
000000007432110089987654
000000007543210089998654
000000009743210009998765
000000008764321008998765