000000000000000000000000
000000000001000000000000
000000000032100000000000
000000000044210000000000
000000000054321000000000
000000000765431000000000
000000000765432100000000
000000000765432100000000
000000000065432100000000
000000000004432101000000
000000000004532102100000
000021000000321023100000
000004321000521626820000
000004321004556625797510
000004321044556624689642
000007921044356623578952
000000898764456623567873
000000987655432108967985
000000006543321008998776
000000006543221008998665
000000000543221008998765
000000000654321000899765
000000000854321000899876
000000000875432100099876