000000000000000000000000
000000000000020000000000
000000000000432000000000
000000000000543200000000
000000000000654320000000
000000000008764320000000
000000000008765421000000
000000000008765431000000
000000000000765432000000
000000000000065432020000
000000000000065431021000
000000010000004310432100
000000054310054353553210
000000054210083352469843
000000054310883351356975
000000004320183351245785
000000008997129351234596
000000000988765430034788
000000000076654310078999
000000000006554210008998
000000000006554210008998
000000000000654310007998
000000000007654320000899
000000000000765431000899