000000000000000000000000
000000000000064000000000
000000000000076400000000
000000000000087640000000
000000000000998760000000
000000000000898764000000
000000000001899865000000
000000000000899875000000
000000000000099876000000
000000000000099876004000
000000000000009875065000
000000050000000750876500
000000098050008292197653
000000008650072293125787
000000008753072294212689
000000008764072295311379
000000004568436295321159
000000000077899870001347
000000000009998750004556
000000000009998650004667
000000000000998650004567
000000000000998753000567
000000000000998764000056
000000000000899875000056