000000000000000000000000
000000000000080000000000
000000000000298600000000
000000000000299860000000
000000000000789980000000
000000000001679986000000
000000000003678987000000
000000000000678997000000
000000000000278998000000
000000000000078998006000
000000000000008997087000
000000070000000970998700
000000089000009484289870
000000009870054485313599
000000009975054486421468
000000009986054487532158
000000002346654487543237
000000000255678990003125
000000000007789970002334
000000000007889870002445
000000000000889870002345
000000000000789975000345
000000000000789986000034
000000000000678997000034