000000000000000000000000
000000000000050000000000
000000000000845700000000
000000000000834570000000
000000000000123450000000
000000000007113457000000
000000000009112356000000
000000000000112346000000
000000000000812345000000
000000000000012345007000
000000000000002346056000
000000060000000460345600
000000020000003929824560
000000013060029928974234
000000003460029927987312
000000003457029926898622
000000005431783926899841
000000000822112340009652
000000000061123460005443
000000000001223560005332
000000000000223560005432
000000000000123468000432
000000000000123457000043
000000000000112346000043