000000000000000000000000
000000000000031000000000
000000000000023500000000
000000000000012350000000
000000000000211231000000
000000000000321235000000
000000000000321134000000
000000000000321124000000
000000000000021123100000
000000000000021123005000
000000000000001124034000
000000000000000240123400
000000010000001717912341
000000031040047716896412
000000001240047715799531
000000001230047714689841
000000007653565714678962
000000001944321122008874
000000000082211240007665
000000000002111340007554
000000000002111340007654
000000000000211246000654
000000000000211235000065
000000000000321124000065