000000000000000000000000
000000000000003100000000
000000000000001310000000
000000000000021131000000
000000000000432113000000
000000000000542113000000
000000000000543212000000
000000000000543212100000
000000000000043211300000
000000000000043211203000
000000000000003212012100
000000000000000121011200
000000030000002535731123
000000050020065534688621
000000012120065533578753
000000002110065532467963
000000009875047532456784
000000003766543214006996
000000000194432120009887
000000000014332120009776
000000000004332120000876
000000000000432124000876
000000000000432113000087
000000000000543212000087