000000000000000000000000
000000000000000086000000
000000000000000797000000
000000000000009979600000
000000000000078997800000
000000000000068997900000
000000000000017898900000
000000000000017898900000
000000000000007899700000
000000000000007899857000
000000000000000898998000
000000000000000989999800
000000000570008575379980
000000000080045576422489
000000300080045577532357
000000180098045578643147
000000061035863578654326
000000037344567896004114
000000002916678980001223
000000000096778980001334
000000000006778980004234
000000000000678980000234
000000000000678997000323
000000000000567898000123