000000000000000000000000
000000000000000079000000
000000000000000858000000
000000000000005685100000
000000000000034563700000
000000000000024568600000
000000000000053467600000
000000000000053457500000
000000000000043456300000
000000000000003456498000
000000000000000457667000
000000000220003575656700
000000000982004939735670
000000000070019939863145
000000000070019938976213
000002500067319937987513
000000300021792937998732
000000170031123452008541
000000046552234570004332
000000013352334670004221
000000000122334670008321
000000000002234570002321
000000000000234568000732
000000000000123457000532