000000000000000000000000
000000000000000068000000
000000000000000747000000
000000000000004574200000
000000000000023452600000
000000000000013457500000
000000000000062356500000
000000000000062346400000
000000000000002345200000
000000000000002345397000
000000000110000346556100
000000000330000464545600
000000000070003929824560
000000000060029928974234
000000000060129927987312
000000000056429926898622
000001400031683926899841
000000280042112341109652
000000157061123461005443
000000024400023560005332
000000011231223560009432
000000000013123461003432
000000000001123457000843
000000000000112346000643