000000000000000001000000
000000000000000057100000
000000000000000636100000
000000000000003463300000
000000000000012341510000
000000000000012346410000
000000000000001245410000
000000000000001235310000
000000000000001234110000
000000000000001234286000
000000000220000235445200
000000000441000353434510
000000000060002818913451
000000000050038817985323
000000000050038816898421
000000000045538815799731
000000000042574815789951
000001300053211231219763
000000260071012352006554
000000135000012451006443
000000022300012451009543
000000011124112352000543
000000000112112346000954
000000000001211235000054