000000000000000002100000
000000000000000046200000
000000000000000525200000
000000000000002352410000
000000000000001231420000
000000000000001235320000
000000000000001134320000
000000000000001124220000
000000000000001123120000
000000000110001123175100
000000000331000124334310
000000000050000242323420
000000000050000717912342
000000000040007716896412
000000000040047715799531
000000000034647714689841
000000000053465714678962
000000000064321122328874
000001300082011243100665
000001240000011342000554
000000130000011342000654
000000022000011243000654
000000011220211235000965
000000001112321124100065