000000000000000000064322
000000000000000000865432
000000000000000000865443
000000000000000005976543
000000000000000007386543
000000000000000002486543
000000000000000043486543
000000000000000003586543
000000000000100004786543
000000000000200004612545
000000000007410000443975
000000000005310000454386
000000000006220000075438
000000000006110000047965
000000000006100000000897
000000000043100000000597
000000000089100000002378
000000000079100000082569
000000000058500039766778
000000000004400038655589
000000000003306438654449
000000000003222539654433
000000000002221542653333
000000000001111153754322