000000000000000000005433
000000000000000000006543
000000000000000000076554
000000000000000000887654
000000000000000000497654
000000000000000000597654
000000000000000000597654
000000000000000004697654
000000000000000005897654
000000000000010000713656
000000000000020000554986
000000000000421000065497
000000000000331000086549
000000000007221000006876
000000000007211000001798
000000000004211000000488
000000000009210000000069
000000000008200000000058
000000000009600000000667
000000000005500000766678
000000000004410009765558
000000000004330049765544
000000000003330653764444
000000000002222264865433