000000000000000000000005
000000000000000000000065
000000000000000000000076
000000000000000000000006
000000000000000000000076
000000000000000000000076
000000000000000000000876
000000000000000000000876
000000000000100000009876
000000000000100000005878
000000000000010000006798
000000000000010000007689
000000000000053100008768
000000000000043200001698
000000000000433210000579
000000000000433200000069
000000000000432200000008
000000000000422200000006
000000000000822120000000
000000000007721000000000
000000000006631000000000
000000000000551000000000
000000000000552000000000
000000000000444000000655