000000000000000000000000
000000000000000000000000
000000000000000000000000
000001000000000000000000
000000100000000000000000
000000010000000000000000
000000001000000000000000
000000000100000000000007
000000000011000000000007
000000000001200000000089
000000000000120000000089
000000000000120000000779
000000000001160000000877
000000000011150300000599
000000000011544000000068
000000000011544000000058
000000000011540000000017
000000000011530000000005
000000000001930000000000
000000000008830000000000
000000000007740000000000
000000000001662000000000
000000000000663000000000
000000000000555100000000