000000000000000000000000
000000000000000000000000
000100000000000000000000
000020000000000000000000
000001000000000000000000
000000100000000000000000
000000010000000000000000
000000011000000000000000
000000001100000000000000
000000000110000000000000
000000000010000000000000
000000000000000000000000
000000000000000000000000
000000000000000000000000
000000000000000000000000
000000000000000000000000
000000000000000000000000
000000000000000000000000
000000000000000000000000
000000000000000000000000
000000000000000000000000
000000000000000000000000
000000000000000000000000
000000000000000000000000