000000000000000000000000
000000000000000000000000
000000000000000000000000
000000000000000000000000
000000000000000000000000
000000000000000000000000
000000000000000000000000
000000000000000000000000
000000000000000000000000
000000000000000000000000
000000000000000000000000
000000000000000000000000
000000000000000000000010
000000000000000000000100
000000000000000000001100
000000000000000000011000
000000000000000000010000
000000000000000000100000
000000000000000002200000
000000000000000021000000
000000000000000110000000
000000000000001110000000
000000000000011100000000
000000000000111000000000