000000000000000000000000
000000000000000000000000
000000000000000000000000
000000000000000000000000
000000000000000000000000
000000000000000000010000
000000000000000000010000
000000000000000000010000
000000000000000000010000
000000000000000000010000
000000000000000000010000
000000000000000000110000
000000000000000000110000
000000000000000000110000
000000000000000000100000
000000000000000000100000
000000000000000000100000
000000000000000000200000
000000000000000000300000
000000000000000002100000
000000000000000001100000
000000000000000001100000
000000000000000001100000
000000000000000001100000