000000000000000000000000
000000000000000000000000
000000000000000000000000
000000000000001000000000
000000000000001000000000
000000000000001100000000
000000000000001100000000
000000000000000100000000
000000000000000110000000
000000000000000110000000
000000000000000010000000
000000000000000010000000
000000000000000011000000
000000000000000011000000
000000000000000001000000
000000000000000001200000
000000000000000001200000
000000000000000000300000
000000000000000000410000
000000000000000000210000
000000000000000000210000
000000000000000000011000
000000000000000000011000
000000000000000000011000