000000000000000000000000
000000000000000000000000
000000000000000000000000
000000000000000000000000
000000000000000000000000
000000000000000000000000
000000000000000000000000
000000000000000000000000
000000000000000000000000
000000000000000000000000
000000000100000000000000
000000000010000000000000
000000000001100000000000
000000000000110000000000
000000000000011000000000
000000000000001110000000
000000000000000112000000
000000000000000011400000
000000000000000001520000
000000000000000000321000
000000000000000000021110
000000000000000000002111
000000000000000000000111
000000000000000000000001