000000000000000000000000
000000000000000000000000
000000000000000000000000
000000000000000000000000
000000000000000000000000
000000000000000000000000
000000000000000000000000
000000000000000000000000
000000000000000000000000
000000001000000000000000
000000000210000000000000
000000000021100000000000
000000000002210000000000
000000000000221000000000
000000000000022100000000
000000000000002220000000
000000000000000223000000
000000000000000122500000
000000000000000012630000
000000000000000001432100
000000000000000000132221
000000000000000000013222
000000000000000000001222
000000000000000000000112