000000000000000000000000
000000000000000000000000
000000000000000000000000
000000000000000000000000
000000000000000000000000
000000000000000000000000
000000000000000000000000
000000000000000000000000
000000001101000000000000
000000000222100000000000
000000000032200000000000
000000000003310000000000
000000000000431000000000
000000000000443000000000
000000000000144310000000
000000000000024442000000
000000000000002445000000
000000000000000344700000
000000000000000134852110
000000000000000013654322
000000000000000002354443
000000000000000000235444
000000000000000000123444
000000000000000000012334