000000000000000000000000
000000000000000000000000
000000000000000000000000
000000000000000000000000
000000000000000000000000
000000000000000000000000
000000000000000000000000
000000011111000000000000
000000000212000000000000
000000000033200000000000
000000000003310000000000
000000000000420000000000
000000000000542000000000
000000000000554110000000
000000000000055421000000
000000000000005553000000
000000000000003556100000
000000000000000455811111
000000000000000245963221
000000000000000024765433
000000000000000003465554
000000000000000001346555
000000000000000000234555
000000000000000000123445