000000000000000000000000
000000000000000000000000
000000000000000000000000
000000220000000000000000
000000030000000000000000
000000044000000000000000
000000004400000000000000
000000002550000000000000
000000000356000000000000
000000000077611111111111
000000000027752211111111
000000000000864222222222
000000000000986433222222
000000000000098553333333
000000000000019865433333
000000000000019997444444
000000000000002999544444
000000000000001899755555
000000000000001289697665
000000000000001238899877
000000000000001237899998
000000000000001225789999
000000000000001222678999
000000000000001223567889