000000000000000000000000
000000000000000000001000
000001000000000000011122
000000400000000000111120
000000250000000000011220
000000066000000000011100
000000006610000001111100
000000004772111111111000
000000000078222222220000
000000000099833333300000
000000000019974433300000
000000000002986444400000
000000000001898655000000
000000000001289775000000
000000000001238987000000
000000000001238889000000
000000000001224887000000
000000000001223988000000
000000000001123498000000
000000000001123459000000
000000000001123459000000
000000000011123447000000
000000000011123444800000
000000000001123445700000