000000000000000010000000
000000000000000110000000
000000000000001120000000
000000000000000100000000
000000001000001100000000
000000000100011220000000
000000000943333330000000
000000000095444440000000
000000000098555550000000
000000000077866600000000
000000000047797700000000
000000000035689000000000
000000000034568000000000
000000000024556000000000
000000000024565000000000
000000000024565000000000
000000000024557500000000
000000000034556600000000
000000000134456700000000
000000011134456700000000
000000111134456700000000
000000111144456700000000
000001112244456770000000
000011122234450770000000