000000000100000000000000
000000000120000000000000
000000000100000000000000
000000000100000000000000
000000000123000000000000
000000002364600000000000
000000002399900000000000
000000002338900000000000
000000013532800000000000
000000013411200000000000
000000002391130000000000
000000001298120000000000
000000001139210000000000
000000222139821000000000
000001233189874000000000
000012345289874300000000
000113556389886300000000
000223666599881310000000
001235666799980320000000
000346677799987121000000
000356700099987032000000
000066000099927032000000
000000000399987002000000
000000000599986000000000