000000000200000000000000
000000000200000000000000
000000000200000000000000
000000000200000000000000
000000000234000000000000
000000003475000000000000
000000003489900000000000
000000013427800000000000
000000024621700000000000
000000024511100000000000
000000003481100000000000
000000002397210000000000
000000112248320000000000
000000333248730000000000
000012344298760000000000
000123456398760000000000
000224667498775000000000
001334777698772400000000
002346777898871400000000
000457788898876230000000
000067800098876140000000
000000001088836140000000
000000000088876113000000
000000000698877000000000