000000000010000000000000
000000000410000000000000
000000000410000000000000
000000000010000000000000
000000001051000000000000
000000005697100000000000
000000005667700000000000
000000005615600000000000
000000046812500000000000
000000046733200000000000
000000005663300000000000
000001114575400000000000
000111334466500000000000
001122555466500000000000
012234566486500000000000
012345678586500000000000
012446889686500000000000
003556999876550000000000
004568999976651000000000
000000099976654000000000
000000001276604000000000
000000000166604100000000
000000010166654000000000
000000000876659000000000