000000000001100000000000
000000000001100000000000
000000000001100000000000
000000000001100000000000
000000000002100000000000
000000000098210000000000
000000000756610000000000
000000006724510000000000
000000007923410000000000
000000000844310000000000
000100116754410000000000
001112225664500000000000
011222445575600000000000
012233666575400000000000
023345677575400000000000
003456709675400000000000
003557999775410000000000
000600999965440000000000
000000999865542000000000
000000088865543100000000
000000112365503100000000
000000101255503200000000
000000100255503100000000
000000000965549100000000