000000000000000000000000
000000000000001100000000
000000000000001100000000
000000000000001000000000
000000000000021000000000
000000000009432100000000
000000000034432100000000
000000000042332100000000
000111011045232100000000
001221222966531100000000
002322338936631000000000
003334447842721000000000
003444667093820000000000
004455880093210000000000
000567890053210000000000
000000920853210000000000
000000887953230000000000
000000777843222000000000
000000777643324100000000
000000006643301300000000
000000034543300310000000
000000313433300400000000
000000002433310300000000
000000002843327300000000