000000000000000000000000
000000000000000000000000
000000000000000000100000
000000000000000002100000
000000000000000022100000
000011100000000410000000
000022210000165400000000
000333322202165431000000
000444344318265431000000
000554555699864431000000
000655668719964320000000
000067779802954200000000
000000990001853100000000
000000880001243100000000
000000070021242100000000
000000051821242000000000
000000054721263000000000
000000040011225200000000
000000000011127400000000
000000000011121630000000
000000000011121040000000
000000000011111730000000
000000000011141620000000
000000100511124600000000