000000000000000000000000
000000000000000000000000
000000000000000000400000
000000000000000000400000
000003320000000005400000
000044431000000040000000
000055543000398730000000
000066655535498764000000
000077677648598764000000
000087888377897764000000
000008995447797652000000
000000096515687530000000
000000770001586400000000
000000050004576400000000
000000040004575400000000
000000084524575310000000
000000021424596320000000
000000000034558520000000
000000000034459730000000
000000000034450960000000
000000000034450372000000
000000000044440062000000
000000000044470952000000
000000000034451932000000