000000000000000000000000
000000000000000000000000
000000000000000000000000
000000000000000000600000
000005540000000007600000
000066653000000062000000
000077765000589950000000
000088877750689986000000
000099899866789986000000
000099999155689986000000
000009883265589874000000
000000074337499750000000
000000550003398620000000
000000030006798600000000
000000020006797600000000
000000096346797500000000
000000012246788500000000
000000000056779700000000
000000000056677950000000
000000000056670880000000
000000000056670594000000
000000000066660184000000
000000000066690870000000
000000000056672850000000