000000000000000000000000
000000000000000000000000
000000000000000000010000
000000000000000000800000
000007760000000009800000
000088875000000084000000
000099987000767870000000
000099999970867898000000
000088988984967898000000
000078777233468898000000
000007661183368996000000
000000052159278970000000
000000330005179800000000
000000010008989800000000
000000010008989800000000
000000078168989700000000
000000034168969700000000
000000000078997900000000
000000000078895870000000
000000000078892690000000
000000000078891786000000
000000000088881396000000
000000000088881690000000
000000000078894670000000