000000000000000000000000
000000000000000000000000
000000000000000000000000
000000000000000000030000
000009990000000000820000
000088898000000007310000
000077789100034592000000
000066677790834560000000
000055655681734568300000
000005444511135568100000
000000333481135679000000
000000022380245793000000
000000110000346830000000
000000030008756800000000
000000040008757800000000
000000048398757900000000
000000067498736900000000
000000000098774700000000
000000000098872590000000
000000000098875360000000
000000000098874159000000
000000000088884069000000
000000000088854370000000
000000000098877390000000