000000000000000000000000
000000000000000000000000
000000000000000000000000
000000100000000000050000
000007781000000000640000
000006679000000009530000
000055567300012374000000
000044455570612340000000
000033433462512346500000
000003222733213346300000
000000015663313458000000
000000014590423575000000
000000330000524650000000
000000052000534610000000
000000062006535600000000
000000026586535700000000
000000089686514700000000
000000000076552500000000
000000000076651370000000
000000000076657140000000
000000000076606338000000
000000000066606248000000
000000000066636150000000
000000000076659170000000