000000000000000000000000
000000000000000000000000
000000000000000000000000
000000320000000000070000
000005563000000000460000
000004457000000008750000
000033345500020156000000
000022233350421120000000
000001211244321124700000
000001111955421124500000
000000027845521236000000
000000036770611357000000
000000050000712470000000
000000074000312430000000
000000084004313400000000
000000014764313500000000
000000098864322500000000
000000000054331300000000
000000000054433150000000
000000000054439220000000
000000000054408516000000
000000000044400426000000
000000000044400230000000
000000000054438250000000