000000000000000000000000
000000000000000000000000
000000000000000000000000
000000980000000000002000
000002219000000000070000
000003321000000000680000
000004432800000007310000
000005544426087652000000
000006566539487653600000
000000777488986653800000
000000086538886541500000
000000097620776426000000
000000081000675362000000
000000069000465390000000
000000059003464320000000
000000073613464200000000
000000032513485200000000
000000000023447400000000
000000000023349600000000
000000000023344850000000
000000000023305861000000
000000000033302951000000
000000000033301846000000
000000000023342820000000