000000000000000000000000
000000000000000000000000
000000000000000000000000
000000090000000000004000
000004438000000000050000
000005542100000000460000
000006654600000005530000
000007766640099874000000
000008788757699870400000
000000999266798875600000
000000004356698763700000
000000085441598644200000
000000063000497544000000
000000047000687580000000
000000037005686540000000
000000095035686410000000
000000011335697400000000
000000002245669600000000
000000000045568800000000
000000000045562970000000
000000000045503683000000
000000000055504773000000
000000000055503968000000
000000000045501940000000