000000000000000000000000
000000000000000000000000
000000000000000000000000
000000039000000000000000
000000454900000000000300
000003346700000000009000
000002234600000000059000
000001122249002014742000
000000111135032118000000
000000322966131113600000
000000098936631125140000
000000047847721248610000
000000065000821384700000
000000085000211346100000
000000095000212340000000
000000003003212470000000
000000007953231490000000
000000005643222260000000
000000000043324130000000
000000000943329310000000
000000000943349610000000
000000000833300515000000
000000000733300321000000
000000000343300345000000