000000000000000000000000
000000000000000000000000
000000000000000000000000
000000058000000000000000
000000236800000000000000
000001124500000000008000
000001112800000000038000
000002211127004022964000
000000233217054329200000
000000044788053321000000
000000079818853213260000
000000069925943129430000
000000083000942192900000
000000097000132168300000
000000087000131120000000
000000021001131250000000
000000005831152280000000
000000007821114180000000
000000000021116350000000
000000000721117520000000
000000000821168830000000
000000000911100720000000
000000000911100513000000
000000000521100527000000