000000000000000000000000
000000000000000000000000
000000000000000000000000
000000067000000000000000
000000127700000000000000
000001113400000000007000
000002211900000000027000
000003322216005030975000
000000344318065438300000
000000055699064431000000
000000068719964322370000
000000079814954218340000
000000092000853181900000
000000088000243179400000
000000078000242110000000
000000031001242140000000
000000004721263170000000
000000008911225290000000
000000000011127460000000
000000000611126630000000
000000000711177940000000
000000000811100830000000
000000000911100624000000
000000000611100618000000