000000000000000000000000
000000000000000000000000
000000121000000000000000
000001394100000000000000
000003329400000000000000
000004431100000000000300
000005543731000000004100
000000655533000000698100
000000077648098765600000
000000088377097764000000
000000235440097652690000
000000090000687535170000
000000072000586453610000
000000058000576497700000
000000048000575433000000
000000064234575310000000
000000000424596340000000
000000000034558570000000
000000000034459790000000
000000000034453960000000
000000000034494770000000
000000000044400860000000
000000000044400957000000
000000000034400938000000