000000000000000000000000
000000111000000000000000
000001232100000000000000
000002493200000000000000
000004438300000000000000
000005542110000000000010
000006654642000000003200
000000766642000000089200
000000088757009874710000
000000199266098875100000
000000320000098763780000
000000080000598644280000
000000063000497544520000
000000047000087586800000
000000037111686544100000
000000075345686410000000
000000000005697430000000
000000000045669660000000
000000000045568890000000
000000000045562970000000
000000000045583680000000
000000000055510770000000
000000000055500960000000
000000000045510947000000