000000000000000000000000
000000222000000000000000
000002343200000000000000
000003582300000000000000
000005547200000000000000
000006653220000000000020
000000765553000000000300
000000077751000001079300
000000199866009983821100
000000290155089986200000
000000010000089874870000
000000070000099753390000
000000054000098635430000
000000036000098675910000
000000006222797655200000
000000000456797521000000
000000000006788520000000
000000010006779750000000
000000010056677980000000
000000000056671880000000
000000000056672590000000
000000000066620680000000
000000000066610870000000
000000000056620856000000