000000000000000000000000
000000333100000000000000
000000454300000000000000
000004671400000000000000
000006656110000000000000
000000764331000000000000
000000876464000000000400
000000088861000002008400
000000299975008992932200
000000380144009997300000
000000010000079985960000
000000061000089862491000
000000045000089726340000
000000025000099764920000
000000005333898766300000
000000000067898632000000
000000000007879610000000
000000000007888840000000
000000000067786970000000
000000000067781790000000
000000010067761490000000
000000010077730590000000
000000000077720780000000
000000000067730760000000