000000055543000000000000
000000088653000000000000
000000099853000000000000
000000005954300000000000
000000001565400000000000
000000039886400000020000
000000078289500000400000
000000006006300007200000
000000004000023454000000
000000005000044457000000
000000005000224569520000
000000006400334684900000
000000002440335748300000
000000000054345712400000
000000000008646788000000
000000000001646887000000
000000000007625850000000
000000000007663620000000
000000000017761420000000
000000010087766250000000
000000010087715240000000
000000000077784150000000
000000100017773260000000
000000000007782280000000