000000088876000000000000
000000088986000000000000
000000007886000000000000
000000008787600000000000
000000000898700000000000
000000067889700000050000
000000045557800000700000
000000003019600009500000
000000001000051127000000
000000008000071124000000
000000008000521236250000
000000009700611357700000
000000005770612475000000
000000000187612435200000
000000000018313455000000
000000000004313589000000
000000000034322580000000
000000000034331300000000
000000000344433100000000
000000002354439200000000
000000002354438500000000
000000002344487400000000
000000002004496200000000
000000020004485200000000