000000002234510000000000
000000000124710000000000
000000000224500000000000
000000001323400000000000
000000014212330000000000
000000043221340000000000
000000005153210000000000
000000007021400000510000
000000009001059983200000
000000002000039986100000
000000002300589874853100
000000001500499753312100
000000000363498635400000
000000000123498675400000
000000000022797655410000
000000000006797521200000
000000000006788523100000
000000010006779731000000
000000010066677910000000
000000000056671810000000
000000010056672510000000
000000010466623620000000
000000010486614830000000
000000010456625830000000