000000000543870000000000
000000111653670000000000
000000133853860000000000
000000357954351000000000
000000179565491000000000
000000190886491000000000
000000158089570000000000
000000156086300000000000
000000144000100452000000
000000145000004457700100
000000045000004569529764
000000156000334684978754
000000154400335748953211
000000102754345712964100
000000100388646788974310
000000100141646887864321
000000100027625859754221
000000100007663697543211
000000100007761475432110
000000200007766273321110
000000100087715272111100
000000000077784182110000
000000200957773291000000
000000000987782291000000