001246017789156420000000
011247008679256420000000
011236009479167510000000
011235000378978500000000
011245000067838000000000
011235000000820000001100
011235000000750000022111
011235000000900000543221
011235800000000009754322
001145800000000001575432
011244700000003102393543
011246800000004218354578
010213470000053181279988
110012460000943179268877
110011347003242111258965
110001235802242145468994
100001124601263173578998
110000123570225235789988
110000012451127457899887
110000011341126659998887
110000001231177959888877
110000001121148849887766
110000000111159638767666
110000000011149638756655