223400039567238642000000
233400009457438640000000
233400000257249700000000
233400000056750000000011
233400000000610000000221
233450000000610000003322
233450000000530000044333
233450000000000000065443
233450000000000000976544
123360000000000000397654
233460000000000310581765
213460000000000426132356
012435000000005362157899
011234600000065398146999
011233500000464322136787
001223450004464223246786
001123346003485251356889
000112345002447413567899
000112234601349635678999
000011233563344837789999
000001223453395838999999
000001123343326928999988
000000112333337819989888
000000012223328819978877