334000049456329750000000
344000008346529700000000
344000000046339000000000
344000000005640000000002
344000000000510000000332
344000000000520000000433
344500000000400000005444
344500000000000000076554
344500000000000000087655
234400000000000010098765
344500000000000021071876
324500000000000535121245
123500000000006453246788
122340000000006497235899
122344000000075433225698
112334500000575312135677
112234400004596341245778
011223450013558512456788
011223345012459724567889
001122344674453926678889
001112334504494727888899
000112234454415817889999
000011223444426918999999
000011123334417918989988