000000000002736200000000
000000000002936200000000
000000000002725100000000
000000000001214000000000
000000000000000000000000
000000000000000000000000
000000000000000000000000
000000000000000000000008
000000000000000000000009
000000000000100000000009
000000000000000000000009
000000000000000000000001
000000000000000000000044
000000000000000000000455
000000000000000000631267
000000000000000003421238
000000000000000005311334
000000000000000053112344
000000000000000031123445
000000000000000032234445
000000000000000033444455
000000000000000443445566
000000000000002654565666
300000000000043654576677