000000000000000000000000
000000000000000000000000
000000000000000000000000
000000000000000000000000
000000000000000000000000
000000000000000000000000
000000000000000000000000
000000000000000000000000
000000000000000000000000
000000000000000000000000
000000000000000000000000
000000000000000000000000
000000000000000000000000
000000000001100000000000
000000000005600000000000
000000000001100000000000
000000000004400000000000
000000000086600000000000
000000000008800000000000
000000000002400000000000
000000000000000000000000
000000000000000000000000
000000000000000000000000
000000000000000000000000