000000000000000000000000
000000000000000000000000
000000000000000000000000
000000000000000000000000
000000000000000000000000
000000000000000000000000
000000000000000000000000
000000000000000000000000
000000000000000000000000
000000000000000000000000
000000000000000000000000
000000000000000000000000
000000000000000000000000
000000000005000000000000
000000000009900000000000
000000000005500000000000
000000000001100000000000
000000000002200000000000
000000000024400000000000
000000000006800000000000
000000000000200000000000
000000000000000000000000
000000000000000000000000
000000000000000000000000