000000000000000000000000
000000000000000000000000
000000000000000000000000
000000000000000000000000
000000000000000000000000
000000000000000000000000
000000000000000000000000
000000000000000000000000
000000000000000000000000
000000000000000000000000
000000000000000000000000
000000000000000000000000
000000000002100000000000
000000000007000000000000
000000000008700000000000
000000000007700000000000
000000000003300000000000
000000000021100000000000
000000000042200000000000
000000000008900000000000
000000000002400000000000
000000000000000000000000
000000000000000000000000
000000000000000000000000