000000000000000000000000
000000000000000000000000
000000000000000000000000
000000000000000000000000
000000000000000000000000
000000000000000000000000
000000000000000000000000
000000000000000000000000
000000000000000000000000
000000000000000000000000
000000000000000000000000
000000000000000000000000
000000000003200000000000
000000000008100000000000
000000000007600000000000
000000000008800000000000
000000000004400000000000
000000000002200000000000
000000000051100000000000
000000000009800000000000
000000000003500000000000
000000000000100000000000
000000000000000000000000
000000000000000000000000