000000000000000000000000
000000000000000000000000
000000000000000000000000
000000000000000000000000
000000000000000000000000
000000000000000000000000
000000000000000000000000
000000000000000000000000
000000000000000000000000
000000000000100000000000
000000000000200000000000
000000000000400000000000
000000000007610000000000
000000000007510000000000
000000000000210000000000
000000000000700000000000
000000000008810000000000
000000000006620000000000
000000000094430000000000
000000000036421000000000
000000000017910000000000
000000000001500000000000
000000000000300000000000
000000000001110000000000