000000000000000000000000
000000000000000000000000
000000000000000000000000
000000000000000000000000
000000000000000000000000
000000000000000000000000
000000000000000000000000
000000000000000000000000
000000000000210000000000
000000000000320000000000
000000000000420000000000
000000000000620000000000
000000000009830000000000
000000000005730000000000
000000000002130000000000
000000000002520000000000
000000000009930000000000
000000000008841000000000
000000000006652000000000
000000000004243000000000
000000000039832100000000
000000000013722000000000
000000000001521000000000
000000000000330000000000