000000000000000000000000
000000000000000000000000
000000000000000000000000
000000000000000000000000
000000000000000000000000
000000000000000000000000
000000000000000000000000
000000000000110000000000
000000000000320000000000
000000000000430000000000
000000000000530000000000
000000000001731000000000
000000000009940000000000
000000000004840000000000
000000000003240000000000
000000000003430000000000
000000000008841000000000
000000000009952000000000
000000000007763000000000
000000000003154100000000
000000000009743200000000
000000000004833100000000
000000000002632100000000
000000000001441000000000