000000000000000000000000
000000000000000000000000
000000000000000000000000
000000000000000000000000
000000000000000000000000
000000000000010000000000
000000000000111000000000
000000000000221000000000
000000000000031000000000
000000000000041000000000
000000000000041000000000
000000000002842000000000
000000000008951000000000
000000000003951000000000
000000000004351000000000
000000000014341000000000
000000000007752000000000
000000000000963100000000
000000000000874100000000
000000000000165200000000
000000000008654300000000
000000000005944210000000
000000000003743210000000
000000000002552110000000