000000000000000000000000
000000000000000000000000
000000000000000000000000
000000000000011000000000
000000000000121000000000
000000000000232100000000
000000000000333100000000
000000000000043200000000
000000000000003100000000
000000000000063100000000
000000000020063100000000
000000000021064000000000
000000000026773000000000
000000000021873000000000
000000000026073000000000
000000000036063100000000
000000000025574200000000
000000000000085300000000
000000000000996310000000
000000000000387420000000
000000000000476520000000
000000000000866431000000
000000000005965432000000
000000000004774332000000