000000000000000000000000
000000000000000000000000
000000000000000000000000
000000000000022000000000
000000000000232100000000
000000000000343200000000
000000000000044200000000
000000000000054300000000
000000000000004200000000
000000000010074200000000
000000000030074200000000
000000000030075000000000
000000000035684000000000
000000000031784000000000
000000000037084000000000
000000000047074200000000
000000000034085300000000
000000000001096410000000
000000000000097420000000
000000000000498530000000
000000000000387630000000
000000000000777542000000
000000000000976543000000
000000000005885443100000