000000000000000000000000
000000000000000000000000
000000000000000000000000
000000000000044200000000
000000000000454300000000
000000000000565400000000
000000000000066400000000
000000000000076500000000
000000000000006400000000
000000000030096400000000
000000000050096400000000
000000000050097200000000
000000000053496000000000
000000000053596000000000
000000000059096000000000
000000000069096400000000
000000000052097500000000
000000000023088630000000
000000000000079640000000
000000000000689750000000
000000000000199852000000
000000000000599764000000
000000000000798765000000
000000000000997665300000