000000000000000000000000
000000000000000000000000
000000000000000000000000
000000000000066400000000
000000000000676500000000
000000000000787600000000
000000000000088600000000
000000000000098700000000
000000000000008600000000
000000000050088600000000
000000000070088600000000
000000000070089400000000
000000000071278000000000
000000000075378000000000
000000000078078000000000
000000000088088600000000
000000000071079700000000
000000000045069850000000
000000000000058860000000
000000000000867970000000
000000000000278974000000
000000000000388986000000
000000000000589987000000
000000000000779887500000