000000000000000000000000
000000000000000000000000
000000000000000000000000
000000000000177500000000
000000000000787600000000
000000000000898700000000
000000000000099700000000
000000000000099800000000
000000000000009700000000
000000000060079700000000
000000000080079700000000
000000000080079500000000
000000000081069000000000
000000000086269000000000
000000000087069000000000
000000000097079700000000
000000000082069800000000
000000000056058960000000
000000000000047970000000
000000000000956980000000
000000000000367880000000
000000000000277997000000
000000000000478998000000
000000000000669998600000