000000000000000000000000
000000000000003210000000
000000000000086631000000
000000000000033142000000
000000000000043262000000
000000000000054373000000
000000000000055372000000
000000000000065483000000
000000000000005383000000
000000000000005342000000
000000000000085320000000
000000005000086150000000
000000006600095740000000
000000007000795810000000
000000007000595600000000
000000027850985600000000
000000026645796400000000
000000015512597500000000
000000005750388500000000
000000007980199600000000
000000006770298740000000
000000004650688650000000
000000013430887654000000
000000001210996554000000