000000000000001454200000
000000000000009986420000
000000000000002698630000
000000000000009889730000
000000000000009969740000
000000000000008959730000
000000000000007919720000
000000000000000819620000
000000000000000949630000
000000000000007989630000
000000000000047996000000
000000000000046873000000
000000000000037184000000
000000005000037484000000
000000075000337650000000
000000095000247640000000
000000096000036830000000
000000087000025720000000
000000177100914730000000
000000265355823640000000
000000256533634580000000
000000168611344670000000
000000089800045678000000
000000078900036778000000