000000000000000067986200
000000000000000235797300
000000000000000313587300
000000000000000312488100
000000000000000032477000
000000000000000041485100
000000000000000092495100
000000000000000181596200
000000000000000151580000
000000000000002112530000
000000000000002125730000
000000000000003328700000
000000000000002917700000
000000000000002537200000
000000000000002368200000
000000004100002378100000
000000023400003185100000
000000032000004295100000
000000042000085285200000
000000054200376376300000
000000063488565417310000
000000051399855328520000
000000031177704321631000
000000043250003221842000