000000000000000056897300
000000000000000024688400
000000000000000012478400
000000000000000021379200
000000000000000001368100
000000000000000001376200
000000000000000091386200
000000000000000291487000
000000000000000161471000
000000000000000121441000
000000000000003114840000
000000000000004237800000
000000000000003926800000
000000000000003626300000
000000000000000459300000
000000005200000469200000
000000004500004276200000
000000023100005386200000
000000033100096376310000
000000045310287467410000
000000054577476528421000
000000042499766439631000
000000021288005432742000
000000030161004332953100