000000000000000034689520
000000000000000012469620
000000000000000001259600
000000000000000002158410
000000000000000002149310
000000000000000003158410
000000000000000072168400
000000000000000483269000
000000000000000383253000
000000000000000342260000
000000000000000322960000
000000000000000155920000
000000000000000744920000
000000000100000814510000
000000002200000638510000
000000007400000648420000
000000006700006458420000
000000005310027568421000
000000015310288558531000
000000027532199649632100
000000036755290749643100
000000024677500658853200
000000000499100654964210
000000000283100554875310