000000000000000000000087
000000000000000000000488
000000000000000000000498
000000000000000000002698
000000000000000000011793
000000000000000001152653
000000000001000011242653
000000000011000012841754
000000000022000223850754
000000000053000038800654
000000000065100000000654
000000000075210000008654
000000000005240000008765
000000000006551110008765
000000000000667411199765
000000000000679422189876
000000000000094322689876
000000000000083433689987
000000000000006542579987
000000000000006551478998
000000000000007661467998
000000000000000002257898
000000000000000006146899
000000000000000006235799