000000000000000000000178
000000000000000000000379
000000000000000000011399
000000000000000000113589
000000000000000000122684
000000000001000002261564
000000000012000002351064
000000000022000000000065
000000000033100000000065
000000000064111000000765
000000000006211000000765
000000000006321100000765
000000000000351111119876
000000000000062221119876
000000000000078322289876
000000000000009333279987
000000000000003433579987
000000000000000544578998
000000000000000651468998
000000000000000061367899
000000000000000000356899
000000000000000000146799
000000000000000000135789
000000000000000000324689