000000000000000000000000
000000000000000000000000
000000000000000000000000
000000000000000000000000
000000000004000000000000
000000000045000000000000
000000000056300000000000
000000000016443200000000
000000000017544300000009
000000000001555303330009
000000000000155444443009
000000000000065544444009
000000000000005555551000
000000000000001665551000
000000000000000066620000
000000000000000007610000
000000000000000000000000
000000000000000000000000
000000000000000000000000
000000000000000000000000
000000000000000000000000
000000000000000000000000
000000000000000000000000
000000000000000000000000