000000000000000000000000
000000000000000000000000
000000000000000000000000
000000000000000000000000
000000000000000000000000
000000000000000000000000
000000000000000000000000
000000000000000000000000
000000000000000000000000
000000000000000000000000
000000000000000000000000
000000000000000000000000
000000000220000000000000
000000000220300000000000
000000000122230000000000
000000000112233448000000
000000000011222334000000
000000000001122223000000
000000000000111222000000
000000000000011111000000
000000000000000010000000
000000000000000000000000
000000000000000000000000
000000000000000000000000