000000000000000000000000
000000000000000000000000
000000000000000000000000
000000000000000000000000
000000000000000000000000
000000000000000000000000
000000000000000000000000
000000000000000000000000
000000000000000000000000
000000000000000000000000
000000000000000000000000
000000000000000000000000
000000000000000000000000
000000000000000000000000
000000000200000000000000
000000001203000000000000
000000001122300400000000
000000001112233330000000
000000000111222330000000
000000000001122220000000
000000000000111120000000
000000000000001110000000
000000000000000000000000
000000000000000000000000