000000000000000000000000
000000000000000000000000
000000000000000000000000
000000000000000000000000
000000000000000000000000
000000000000000000000000
000000000000000000000000
000000000000000000000000
000000000000000000000000
000000000000000000000000
000000000000000000000000
000000000000000000000000
000000000000000000000000
000000000000000000000000
000000001401000000000000
000000003411000000000000
000000003344000610000000
000000000334455550000000
000000000033444550000000
000000000003344440000000
000000000000333300000000
000000000000003330000000
000000000000000000000000
000000000000000000000000