000000000000000000000000
000000000000000000000000
000000000000000000000000
000000000000000000000000
000000000000000000000000
000000000000000000000000
000000000000000000000000
000000000000000000000000
000000000000000000000000
000000000000000000000000
000000000000000000000000
000000000000000000000000
000000000000000000000000
000000000100000000000000
000000002502000000000000
000000004522000000000000
000000000455001720000000
000000000045566660000000
000000000004555600000000
000000000000455550000000
000000000000044400000000
000000000000014400000000
000000000000000000000000
000000000000000000000000