000000000000000000000000
000000000000000000000000
000000000000000000000000
000000000000000000000000
000000000000000000000000
000000000000000000000000
000000000000000000000000
000000000000000000000000
000000000000000000000000
000000000000000000000000
000000000000000000000000
000000001100000000000000
000000002201000000000000
000000003420000000000000
000000000831000000000000
000000000855112210000000
000000000088324900000000
000000000008899900000000
000000000000888922100000
000000000000788002000000
000000000000270000000000
000000000000040000000000
000000000000000000000000
000000000000000000000000