000000000000000000000000
000000000000000000000000
000000000000000000000000
000000000000000000000000
000000000000000000000000
000000000000000000000000
000000000000000000000000
000000000000000000000000
000000000000000000000000
000000000000000000000000
000000000000000000000000
000000002200000000000000
000000003312100000000000
000000000531000000000000
000000000942000000000000
000000000066223300000000
000000000099435810000000
000000000009999900000000
000000000000999900000000
000000000000899013100000
000000000000380000000000
000000000000000000000000
000000000000000000000000
000000000000000000000000