000000000000000000000000
000000000000000000000000
000000000000000000000000
000000000000000000000000
000000000000000000000000
000000000000000000000000
000000000000000000000000
000000000100000000000000
000000001110000000000000
000000002320000000000000
000000000431000000000000
000000000641000000000000
000000000756100000000000
000000000975201110000000
000000000006411220000000
000000000009667330000000
000000000006879400000000
000000000002655500000000
000000000001666500000000
000000000002760110000000
000000000000070000000000
000000000000002000000000
000000000000000000000000
000000000000000000000000