000000000000000000000000
000000000000000000000000
000000000000000000000000
000000000000000000000000
000000000000000000000000
000000000000000000000000
000000000110000000000000
000000001210000000000000
000000002220000000000000
000000000431000000000000
000000000542000000000000
000000000752100000000000
000000000867210000000000
000000000006310000000000
000000000007522330000000
000000000008778440000000
000000000005989300000000
000000000003544400000000
000000000002555400000000
000000000003650200000000
000000000000060010000000
000000000000000010000000
000000000000000000000000
000000000000000000000000