000000000000000000000000
000000000000000000000000
000000000000000000000000
000000000010000000000000
000000000222000000000000
000000000363000000000000
000000000076000000000000
000000000076200000000000
000000000086300000000000
000000000097500000000000
000000000098600000000000
000000000088700000000000
000000000076810000000000
000000000037970000000000
000000000026882000000000
000000000022665900000000
000000000122453400000000
000000000039030000000000
000000000001000000000000
000000000000200000000000
000000000000200000000000
000000000001100000000000
000000000000000000000000
000000000000000000000000