000000000000000000000000
000000000000000000000000
000000000002100000000000
000000000013200000000000
000000000008300000000000
000000000009500000000000
000000000117410000000000
000000000237820000000000
000000000007930000000000
000000000006830000000000
000000000005730000000000
000000000005630000000000
000000000001530000000000
000000000021462000000000
000000000181253200000000
000000000285112200000000
000000001780024000000000
000000000690001000000000
000000000010001000000000
000000000010000000000000
000000000110000000000000
000000000000000000000000
000000000000000000000000
000000000000000000000000