000000000000000000000000
000000000000000000000000
000000000003200000000000
000000000024310000000000
000000000009410000000000
000000000009600000000000
000000000026520000000000
000000000346930000000000
000000000106940000000000
000000000005740000000000
000000000004641000000000
000000000004541000000000
000000000002440000000000
000000000031353000000000
000000000092144000000000
000000000396223300000000
000000000891135100000000
000000001791112000000000
000000000121000000000000
000000000021000000000000
000000000020000000000000
000000000110000000000000
000000000110000000000000
000000000000000000000000