000000000000000000000000
000000000000000000000000
000000000000000000000000
000000000057800000000000
000000000032700000000000
000000000121570000000000
000000000023691000000000
000000000013286000000000
000000000003178000000000
000000000004278100000000
000000000005379600000000
000000000005479410000000
000000000029576320000000
000000000019646210000000
000000001119857210000000
000000001115998110000000
000000000000986000000000
000000000009999800000000
000000000009888700000000
000000000009887700000000
000000000008777700000000
000000000058776650000000
000000000454444434000000
000000000533333332300000