000000000000000000000000
000000000000000000000000
000000000000110000000000
000000000001111000000000
000000000001521000000000
000000000002391100000000
000000000005473100000000
000000000000168110000000
000000000000259210000000
000000000000059311000000
000000000000058821100000
000000000000658631100000
000000001200758542110000
000000000238868432110000
000000000037075432210000
000000000000076332210000
000000000000004222100000
000000000000007921100000
000000000000099921100000
000000000000099921100000
000000000000099921100000
000000000000998872100000
000000000006666656111000
000000000055555554111100