000000000000000000000000
000000000000000000000000
000000000000000000000000
000000000000000000000000
000000000004254000000000
000000000015174000000000
000000000018146400000000
000000000002438441000000
000000000001526540000000
000000000001226600000000
000000001000125850000000
000000003200025964000000
000000000500928875000000
000000000565898765400000
000000000064292765540000
000000000020143665540000
000000000000131555432000
000000000000034654222000
000000000000066754421000
000000000000067754410000
000000000000077754400000
000000000000078895420000
000000000000099989440000
000000000000888887440000