000000000000000000000000
000000000000000000001110
000000000000000000011111
000000000000000000121111
000000000000000003222211
000000000000000000322211
000000000000000000332221
000000000000000000032211
000000000000000000032211
000000000111000000033221
000000000221100000003221
000000000002111000763222
000000000000011111176322
000000000000002345676432
000000000000000000007633
000000000000000000007743
000000000000000000008743
000000000000000000008543
000000000000000000000433
000000000000000000000333
000000000000000000000333
000000000000000000000022
000000000000000000000022
000000000000000000000332