000000000000000000222222
000000000000000002223332
000000000000000000233333
000000000000000000343333
000000000000000000444433
000000000000000000044433
000000000000000000054443
000000000000000000004433
000000022000000000000433
000000022300000000005443
000000001443320022225443
000000000014333222985444
000000000000013333398544
000000000000000000008654
000000000000000000009855
000000000000000000000965
000000000000000000000965
000000000000000000000065
000000000000000000000055
000000000000000000000055
000000000000000000000055
000000000000000000000044
000000000000000000000044
000000000000000000000054