000000000000000000004444
000000000000000000445554
000000000000000000055555
000000000000000000065555
000000000000000000066655
000000000000000000006655
000000000000000000006665
000000000000000000006655
000000000000000000000655
000000244000000000000665
000000013600000000000005
000000001236000000090066
000000000122235005589766
000000000011222222229876
000000000000111111118977
000000000000000111110887
000000000000000000000087
000000000000000000000087
000000000000000000000077
000000000000000000000077
000000000000000000000077
000000000000000000000006
000000000000000000000000
000000000000000000000000