000000000000000000000001
000000000000000000000000
000011000000000000000000
000111100000000000000000
000011110000000000000000
000011111200000000000000
000001111124000000000000
000000001112240000000003
000000000111222000004449
000000000111112222444444
000000000011111222444444
000000000000111113445588
000000000000001111131730
000000000000000111111000
000000000000000001111100
000000000000000001111111
000000000000000001111111
000000000000000011111111
000000000000000011111111
000000000000000011111111
000000000000000000111111
000000000000000000000011
000000000000000000000001
000000000000000000000000