000000000000000000000000
000000000000000000000000
000000000000000000000000
000000000000000000000000
000000000000000000000000
000000000000000000000000
000000000000000000000000
000000000000000000000000
000000220000000000000000
000000222300000000000000
000001122233000000000000
000000011222333335667700
000000011222223333313552
000000001002222333333222
000000000000012223333322
000000000000011113311111
000000000000000000000111
000000000000000000000000
000000000000000000000000
000000000000000000000000
000000000000000000000000
000000000000000000000000
000000000000000000000000
000000000000000000000000