000000000000000000111000
000000000000000001111110
000000000000000011111111
000000000000000011111111
000000000000000011111111
000000000000000011111111
000000000000000011111111
000000000000000001111112
000000000000000000111122
000000000000000000011122
000000000000000000011120
000000000000000000111100
000000000000000011111000
000000000000000111110000
000000000000011111000000
000000000000111100000000
000000000001000000000000
000000000000000000000000
000000000000000000000000
000000000000000000000000
000000000000000000000000
000000000000000000000000
000000000000000000000000
000000000000000000000000