000000000017777770000000
000000000007777700000000
000000000007777700000000
000000000007777000000000
000000000007770000000000
000000000667700000000000
000000002666700000000000
000000001655000000000000
000000001555000000000000
000000000545000000000000
000000000446000000000000
000000000440000000000000
000000000330000000000000
000000000227000000000000
000000000004000000000000
000000000004000000000000
000000000000000000000000
000000000000000000000000
000000000000000000000000
000000000000000000000000
000000000000000000000000
000000000000000000000000
000000000000000000000000
000000000000000000000000