000000000028880000000000
000000000118888000000000
000000000018888000000000
000000000018888000000000
000000000018880000000000
000000000078800000000000
000000000077800000000000
000000002766000000000000
000000002666000000000000
000000001656000000000000
000000000557000000000000
000000000550000000000000
000000000440000000000000
000000000330000000000000
000000000000000000000000
000000000000000000000000
000000000000000000000000
000000000000000000000000
000000000000000000000000
000000000000000000000000
000000000000000000000000
000000000000000000000000
000000000000000000000000
000000000000000000000000