000000000012000000000000
000000000008000000000000
000000000348800000000000
000000000348800000000000
000000000248800000000000
000000000098000000000000
000000000099000000000000
000000000199000000000000
000000005990000000000000
000000000980000000000000
000000000880000000000000
000000000880000000000000
000000000770000000000000
000000000660000000000000
000000000000000000000000
000000000000000000000000
000000000000000000000000
000000000000000000000000
000000000000000000000000
000000000000000000000000
000000000000000000000000
000000000000000000000000
000000000000000000000000
000000000000000000000000