000000000014000000000000
000000000126200000000000
000000000566600000000000
000000000566600000000000
000000000066000000000000
000000000076000000000000
000000000177000000000000
000000002380000000000000
000000000880000000000000
000000000890000000000000
000000000990000000000000
000000000990000000000000
000000000990000000000000
000000000080000000000000
000000000000000000000000
000000000000000000000000
000000000000000000000000
000000000000000000000000
000000000000000000000000
000000000000000000000000
000000000000000000000000
000000000000000000000000
000000000000000000000000
000000000000000000000000