000000000047300000000000
000000000453500000000000
000000000893300000000000
000000000193100000000000
000000000093000000000000
000000000043000000000000
000000000441000000000000
000000000651000000000000
000000000551000000000000
000000000560000000000000
000000000060000000000000
000000000060000000000000
000000000070000000000000
000000000010000000000000
000000000010000000000000
000000000000000000000000
000000000000000000000000
000000000000000000000000
000000000000000000000000
000000000000000000000000
000000000000000000000000
000000000000000000000000
000000000000000000000000
000000000000000000000000