000000000000000000000000
000000000000000000000000
000000000080000000000000
000000000080000000000000
000000000080000000000000
000000000021200000000000
000000000123100000000000
000000000133100000000000
000000000333100000000000
000000000042000000000000
000000000042000000000000
000000000241000000000000
000000000251000000000000
000000000132000000000000
000000000132000000000000
000000000120000000000000
000000000021000000000000
000000000011000000000000
000000000010000000000000
000000000010000000000000
000000000000000000000000
000000000000000000000000
000000000000000000000000
000000000000000000000000