000000000000000000000000
000000000000000000000000
000000000000000000000000
000000000000000000000000
000000000000000000000000
000000000000000000000000
000000000000000000000000
000000000000000000000000
000000000000000000000000
000000000011000000000000
000000000011000000000000
000000000011000000000000
000000000004000000000000
000000000005000000000000
000000001205200000000000
000000001403210000000000
111111111000011111111111
111111111000011111111111
111111111000011111111111
222222221100022222222222
222222222100222222222222
222222222100222222222222
333333333000333333333333
333333330000333333333333