000000000144100000000000
000000000155210000000000
000000111155210000000000
000000212255321100000000
000000112355322100000000
000111222355332211100000
111112223355333221111111
112222333455433322221111
222222334455443332222222
222333344456444333322222
333333444556544443333333
444444455556555444444444
444444555559555544444444
555555555559555555555555
555555556759755555555555
555555556944765555555555
666666666545566666666666
666666666545566666666666
666666666535566666666666
777777776424477777777777
777777777424477777777777
777777777413477777777777
888888888303388888888888
888888885302388888888888