000000233477432210000000
000000333488542300111000
111222444488543311221101
122333545588654422322122
333333445688655433333333
333444555688665544433333
444445556688666554444444
445555666788766655554444
555555667788776665555555
555666677789777666655555
666666777889877776666666
777777788889888777777777
777777888887888877777777
888888888886888888888888
888888889986988888888888
888888889777998888888888
999999999878899999999999
999999999878899999999999
999999999868899999999999
999999999757799999999999
999999999757799999999999
999999999746799999999999
888888888636688888888888
888888888625688888888888