877888433222234478867788
766676333233124367555667
555444222233123355445565
544333121133112244344544
333333221133111233333333
333222111133111122233333
222221111133111112222222
221111111233211111112222
111111112233221111111111
111111122234222111111111
111111222334322221111111
222222233334333222222222
222222333337333322222222
333333333338333333333333
333333334538533333333333
333333334722543333333333
444444444323344444444444
444444444323344444444444
444444444313344444444444
555555554212255555555555
555555555212255555555555
555555555221255555555555
666666666131166666666666
666666663141166666666666