766777322133123367756677
655565222144113256444556
444333111144112244334454
433222111144211133233433
222222111244211122222222
222111111244221111122222
111111112244222111111111
111111222344322211111111
111111223344332221111111
111222233345333222211111
222222333445433332222222
333333344445444333333333
333333444448444433333333
444444444449444444444444
444444445649644444444444
444444445833654444444444
555555555434455555555555
555555555434455555555555
555555555424455555555555
666666665313366666666666
666666666313366666666666
666666666312366666666666
777777777222277777777777
777777774231277777777777