211222344588543312211122
111111444599653411222111
222333555599654422332212
233444656699765433433233
444444556799736544444444
444555666792776655544444
555556667799777665555555
556666777899877766665555
666666771199887776666666
666777788899888777766666
777777838999988887777777
888888899999999188888888
888800999996999988888888
999999999995999999999999
999999992895899999999999
999999999688899999999999
999999999989999999999999
999999919989999999999999
999999999979999999999999
888880889868888888888888
888888888868888888888888
888888888857888888888888
777770777747777777777777
777777779736777777777777