233222677888876602243322
344434777877986743555443
555666888877987755665545
566777989977998766766566
777777889977969877777777
777888999975999988877777
888889999977999998888888
889999999877899999998888
999999994477889999999999
999999988876888999999999
999999868776788889999999
888888877776777488888888
888833777773777788888888
777777777772777777777777
172277775572577777777777
777777776388567777777777
666666666787766666666666
666666646787766666666666
666666666797766666666666
555553556898855555555555
555555555898855555555555
555125555889855555555555
444443444979944444444444
444444447969944444444444