899888766522567768899988
999999666511457699888999
888777555511456688778898
877666454411345677677877
666666554311374566666666
666555444318334455566666
555554443311333445555555
000444333211233344445555
000444339911223334444444
000333322211222333344444
000333272111122223333333
000222211111111922222222
002299111114111122222222
001111111115211111111111
000811118215211011111111
001111111422211111111211
001111111121111111111111
001111191121111111111511
001111111131111111111111
002229221242222222222222
002222222242222222222222
002780222253222222242222
013534333363333333335333
333323331274333333333333