655666211144112286645566
544454111155212145333445
333222111155211133223343
322111212255321122122322
111110012355322111111111
111000002353332211111111
110000000355333221111111
310000000455433322221111
200000000455443332222222
200000000456444333322222
100000000556544443333333
100000005556555444444444
100000005559555544444444
210000005559755555555555
321000053759755545555555
443100056944765555555755
543100066545566666666666
432000046545566666666966
310000066535566666666666
000000076424477777777777
000000077424477777777777
000000077413477777797777
500000088313388888889888
883201085722388888888888