544555111255211175534455
433343111266321134222334
222111222266321122112232
211111323366432111111211
111100000466413211111111
111000000062443322211111
220000000066444332222222
420000000066544433332222
310000000066554443333333
300000000067555444433333
200000000667655554444444
200000000667666355555555
210000006669666655555555
320000006668866666666666
432100062868866656666666
554200067955876666666866
654200077656677777777777
543000037656677777777877
420000077646677777777777
100000087535588888888888
000000088535588888888888
100000008524588888898888
600000009414499999998999
994310096813499999999999