566555999855899935576655
677767900000789976888776
888999000000089988998878
899990000000008999999899
999900000000017899999999
999600000000017788899999
889400000000066778888888
688000000000166677778888
797000000001556667777777
797000000013555666677777
897000000143455556666666
898600000313444755555555
898775000000444455555555
789885000002244444444444
678995000242244454444444
556896000155234444444244
456881000454433333333333
567950000454433333333233
689000000464433333333333
990000000575522222222222
900000000575522222222222
900000000586522222212222
400000000096611111112111
112200000097611111111111