988999544311345589978899
877787400003235478666778
666550000001434466556676
655400000013453455455655
444000000134462344444444
444000000034462233344444
330000000044511223333333
130000000045611122223333
240000000456111112222222
250001200468111111122222
350013400023211111111111
350034400063222711111111
346779400003222211111111
235669300000422222222222
123459400027422212222222
111358400011432222222422
211366200012233333333333
112593000012233333333733
135400000012233333333333
453000000021144444444444
540000000021144444444444
400000000001144444464444
251100000001155555557555
557750000002155555555555