655666211144112286645566
544454100006212145333445
333220000034711133223343
322100000046781122122322
111200000467792111111111
111000000067792211111111
113000000077833221111111
311000000078933322221111
210000000789443332222222
220004510798444333322222
120006730056544443333333
120067720006555444444444
113446710006555544444444
212336600000755555555555
321126720009755545555555
443125720044765555555755
543139500005566666666666
432266000005566666666966
312720000005566666666666
122000000004477777777777
271000000004477777777777
130000000003477777797777
584000000003388888889888
889980000002388888888888