544555111255211175534455
433343100007321134222334
222111000005821122112232
211110000057892111111211
111300000578893211111111
111000000078893322211111
224000000088944332222222
422000000089944433332222
311000000099554443333333
310000620097555444433333
210007840067655554444444
211078830007666355555555
212035820000666655555555
321225710000866666666666
432115830008866656666666
554214830005876666666866
654229600006677777777777
543157000006677777777877
421830000006677777777777
113000000005588888888888
182000000005588888888888
140000000004588888898888
695000000004499999998999
998890000003499999999999