322333233477432253312233
211121320009542312111112
111223000007943311221111
122330000009984322322122
333500000099975433333333
333200000099975544433333
446100000009866554444444
644000000098766655554444
533000000087776665555555
522000040075777666655555
422000960009877776666666
423009950009888177777777
431013940000888877777777
542113930000088888888888
654323950006988878888888
776422950007998888888988
876417810008899999999999
765239200008899999999699
642951000008899999999999
325000000007799999999999
294000000007799999999999
361000000006799999979999
887200000006688888886888
886681000000688888888888