111111455699654431121111
122212540008764521333221
333445100009765533443323
344551000008766544544344
555720000087757655555555
555400000007757766655555
668300000007688776666666
866100000006588877776666
755000000065998887777777
744000000053999888877777
644000080008999998888888
645000770008999299999999
653101760000999999999999
764331850000099999999999
876541770000799999999999
998641771009789999999799
998635930009988888888888
987418400009988888888488
064773100009988888888888
541221000009977777777777
476200000000977777777777
583000000000977777757777
969000000000866666664666
664460000000866666666666