788777877633678857798877
899989787000008798999998
999887830000007799889999
988778200000026788788988
777593000000035677777777
777861000000135566677777
664930000000244556666666
466820000000344455556666
577710000003334445555555
588610013005333444455555
688611147000233334444444
687611157000222933333333
679822166000222233333333
568997175000002222222222
456787157100022232222222
334688158000112222222122
234693293000211111111111
345871870000211111111411
768159000000211111111111
788900000000311111111111
816900000000311111111111
749700000000311111131111
223730000000422222224222
224424000000022222222222