988999544311345589978899
877787459210000078666778
666554862100000006556676
655448521000000000455655
444276321000000000044444
444594221000000000004444
331663222000000000003333
133853222000000000223333
244943333006111112222222
255943346008111111122222
355944419000201111111111
354944429300002711111111
346855439200022211111111
235669348200002222222222
123459429400022212222222
111358428300432222222422
211366266000233333333333
112593590000033333333733
935422000000033333333333
458700000000044444444444
543700000000044444444444
416920000000044444464444
251963000000055555557555
557757100000055555555555