877888433222234498867788
766676348321111167555667
555443773210000005445565
544337632100000000344544
333167432000000000033333
333495332000000000013333
221574333000000000002222
122764333000000000002222
133854444007200000011111
144954457009202111111111
244955518000002221111111
243955518400003622222222
235766529300133322222222
124558439300013333333333
112348518500033323333333
221247517400543333333533
321257357000044444444444
211484480000044444444844
824513100000044444444444
347610000000055555555555
452610000000055555555555
315830000000055555575555
362874000000066666668666
668868200000006666666666