655666211144112286645566
544454126543333345333445
333221595432111123223343
322115854321100011122322
111249654210000001111111
111277554200000000131111
113396555100000000011111
311586555000000000001111
211676666000000000002222
222776679000000000002222
122777736100000000003333
121777726600000000004444
113588717500050000044444
212336618500035555555555
321126726700055545555555
443125725600065555555755
543139539100006666666666
432266262000066666666966
612725320000066666666666
125432200000077777777777
271431000000077777777777
133651000000077777797777
584696000000018888889888
889989100000008888888888