233222677888876612243322
344434762789999943555443
555667337899888895665545
566773478998877788766566
777943678987777778877777
777615778950006667897777
889536777830005556788888
988346777400005555678888
977256666300044445569999
966156653720044344569999
866155592820003333459999
867155592630003223358888
875344581730002222358888
986552671720000111257777
998762592550000001177777
889863593640000000017577
789853753800000000000666
899626629000006000666266
286597990000006666666666
763499900000005555555555
658498000000005555555555
795278000000005555535555
748236100000004444442444
442242800000004444444444