677666988744789946687766
788878896345555587999887
999998723456777769999989
999887134567788877899999
888682234678888887788888
888951334694009998758888
775922333771000999877777
577712333840009999987777
688612222740008889996666
699512212860008788996666
799511156760007777895555
798511166271007667794444
789711175371006666794444
679996284360004555693333
567896166194000445533333
445797167280000034453133
345792392730004000244222
456962966400002440003322
679163564000002222200122
897856640000001111111111
917857400000000111111111
859637300000000111121111
314622500000000111113111
113313730000000111111111