788777877633678857798877
899989787234444498999998
999887832345666659889999
988778223456677766788988
777593123567777776677777
777861223595008887647777
664931222682000998766666
466821222950009999876666
577711111850009999985555
588611113771009899985555
688611147671008888994444
687611157182008778893333
679822166282007777893333
568997175270005666792222
456787157195000556622222
334688158190000005562122
234693293640005000355111
345871875500001551004411
768152455100001111100211
788945551000001111111111
816946510000000111111111
749726400000000111131111
223731600000000222224222
224424640000000222222222