899888766522567768899988
999999678123333399888999
888776941234555548778898
877669312345566655677877
666494112456666665566666
666772112486007776536666
553841111593000887655555
355931111960000888765555
466821111960009998874444
477721124682009999874444
577722238582009999983333
576722248193009889982222
568933257193008888982222
457888166180006777881111
345678248286000667711111
223579249191000006671211
123584184550006000466111
234781784600001662015511
857241346200001111101311
679934462000000222222222
725935620000000222222222
638815500000000222242222
132841700000000333335333
335535550000000333333333