999999655411456679989999
988898569112222289777889
777665951123444437667787
766559411234455544566766
555385211345555554455555
555683111377106665425555
442752111494000776544444
244942111870000777654444
355932222970008887763333
366832235593008988763333
466833329493009999872222
465833339294000999971111
457944348194000999971111
346779257191007088971111
234569339377000708811111
112469339282000007781311
112475175460007010577222
123692693700002770026622
946331237000002222012422
569823370000000333333333
634824700000000333333333
527914600000000333353333
141952800000000444446444
446646460000000444444444