766777322133123397756677
655565237432222256444556
444332684321111114334454
433226743211122211233433
222158543112222221122222
222386443149403332122222
112485444167000443211111
211675444590000444321111
122765555691000004431111
133865568276001105431111
133866627176002106542222
132866617567000211643333
124677618467000711643333
113447529474009318744444
211237617649003918844444
332136616555000312984644
432148448190000342899555
321375371910000992359955
713614219100000555345755
236521190000000666666666
361521910000000666666666
224741900000000666686666
473785810000000777779777
779979191000000777777777