655666211144112286645566
544454126543333345333445
333221595432111123223343
322115854321111111122322
111249654211111111111111
111277554238500221131111
113396555158000332111111
311586555481000003211111
211676666582000003322222
222776679167002214322222
122777736167100215433333
121777726658100322534444
113588717558000622534444
212336618565000427635555
321126726738100827755555
443125725646000423875755
543139539190000453988666
432266262820000883469966
612725328000000666456866
125432280000000777777777
271431820000000777777777
133651910000000777797777
584696720000000888889888
889989192000000888888888