566555999855855935576655
677767995456665676888776
888999614567858778998878
899996145670057988999899
999771345700007898899999
999942445700005899869999
886813444800005989988888
688613444700006998998888
799523333000008998897777
000000110000006787897777
000000000010000786786666
000000000001000677685555
000000280465000577685555
789885393403000574584444
678995275283000374444444
556896276374000576344244
456881481829100046133333
567953957392000036532233
589274673921000033543133
996767732210000022222222
928768321110000022222222
968548211000000072212222
415513410000000001112111
112212100000000001111111