788777877633677857798877
899989787234447498999998
999887832340076959889999
988778223400009766788988
777593123500000976677777
777861223500000987647777
664931222600000898766666
466821222900000779876666
577711111210000779985555
222000000000008569985555
100000000000000568994444
000000112220000055893333
000000161287000055893333
000997075225000056792222
456787051195100056622222
334680058196100054562122
234693293647000024355111
345871875584200004314411
768152455843100001321211
788945554432100001111111
816946543331000001111111
749726433221000001131111
223731632210000002224222
224424322110000000222222