899888766522588768899988
999999678123338399888999
888776941231005948778898
877669312310000655677877
666494112400000865566666
666772112400000876536666
553841111510000087655555
355931111910000068765555
466821122321000668874444
333000000001000459874444
200000000000000059983333
000000000000000004982222
000001252198000004982222
010808166136100007881111
345678142286200007711111
223571149197200003671211
123004184556100003466111
234781784675300000215511
857241346754210000211311
679934465543210000222222
725935654442100000222222
638815544332100000242222
132841743321000000335333
335535433221000000033333