988999544311399589978899
877787459211119178666778
666554862113211726556676
655448521132111133455655
444276321222110000344444
444594221221110000314444
331663222331100000433333
133853222732110000043333
244943344543210000052222
555222222223211000652222
422111111111111000761111
111100000000000000061111
000000000000000000061111
000000048258311000002222
123459324468421000002222
111353328379421100002422
211116266374321100008333
112593592857521100000733
935422128576432100000033
458712287765432100001004
543713876664322100001400
416923766554321100000440
251963965543221000000550
557757655443211000000555