877888433222288498867788
766676348321118167555667
555443773214322615445565
544337632143222222344544
333167432133221100233333
333495332132221000013333
221574333242211000022222
122764333643221000032222
133854455654321000001111
666333333334322100001111
533222222222222100051111
222211100000000000002222
000100000000000000002222
000000009369422000000333
212348415559532100000333
221244417469532200000533
321227357283432210000444
211484481948632210000044
824513119487543210000004
347611198876543210000100
452612987775433210000510
315832877665432210000051
362874976654332100000061
668868766554322100000066