655666211144166286645566
544454126543336345333445
333221595436544423223343
322115854365444411122322
111249654255443322111111
111277554254443221001111
113396555164433210000111
311586555465443210000111
211676677876543210000222
888555555556544320000022
755444444444444321000333
444433322100000021000444
000002100000000000000044
000000000008644210000055
421126627738754321000005
443126625107754421000005
543449539191654432000006
432266262829854432100000
612725328299765432000000
125432289998765432100020
271431899997655432100001
133651999887654431000003
584696798876554321000000
889989988776544321000000