433444122366344164423344
322232214765554523111223
111112387658766241111121
111223976587666633211111
222428876477665544322002
222159776476665443210000
335188777386655432110000
533398777287665432110000
422498899998765432110000
999777777778766542211000
977666666666666543211000
666655544321000000001000
100000021000000000000000
000000000000066432100000
643214841016976543211000
665318843321976643211000
765668718372076654221100
654148144617976654321100
431947546178987654221100
213254467789987654321100
193253678889877654321100
251473788999876653221100
796488589998776543211100
997797899998766543211000