322333233477433253312233
211121323876663612111112
111223278769877151221111
122332887698777744322122
333517987588776655433110
333249887587776554321110
446179888497766543221100
644289888198776543221100
533399999899876543221110
888888888889877653322111
988777777777777654322111
777766655432100000000001
200000002100000000000000
000000000000000543210000
754300002100987654322111
776429952432987754322111
876777817463180765332211
765239235526887765432211
342958655267998765332211
322165556678998765432211
294164567779988765432211
361384677889987764332211
887379478899887654322211
886686788999877654322111