677666988744760011687766
788878896345500511999880
999998723452300869999980
999887134523400477899999
888682234633400566788998
888951334634440667899998
775922333724455678999988
577712333823445678999988
688612211112345678999998
111333333332344568899999
133444444444444567896655
444455566559988777655544
955554443332222225544433
443332211100000000001221
221110000000000000000000
000000000000000000000000
340000000000000000000000
456962960000000000000999
679163564932123456886669
897856643321123456789999
917857432221233456789999
859637322111234457889999
314622521112334567899999
113313211112344567899999