899888766520000001899000
999999678120000013888000
888776941230000048770800
877669312310000055677870
666494112410000344566810
666772112400000445678800
553841111500033456778800
355931111900023456778809
466821122000123456778009
333111111000122346670088
211222222000222345678877
222233344007899999877766
777776665004444447766655
665554433322222222223443
443332221111100000011122
221111000000000000000000
000000000000000000000000
000000000000000000000000
857241000000000000000000
679934465543200000567788
725935654442111234567788
638815544332112235667788
132841743321112345677788
335535433221122345677888