999999655411100002989000
988898569111000004770000
777665951120000037660000
766559411200000044560000
555385211000000233450000
555683111000000334500000
442752111000002345007000
244942111800002345667008
355932233000002345667008
444111111001011235561007
311111110001111234560088
111122230016788999980077
688887770015555558800766
776665500003333333304554
554443300022211111122233
332222100000000000001111
000000000000000000000000
000000000000000000000000
946000000000000000000000
569823376654000000000000
634824765553211123456677
527914655443211124556677
141952854432111234566677
446646544332111234566777