433444122300000068000001
322232214720000069100001
111112387632000041000001
111223976543000033000001
222428876643000144000003
222159776630000443000013
335188777430000430000014
533398777400000430000034
422498895300005430000132
999777754000006500000141
977666651000066500000345
666655530000022300000366
155556400000888000001377
667778000000999000001589
889999300008877000001899
998888000006553000004777
655440000004442000014666
322000000000000000014555
000000000000000000013445
000000000000000000000034
000010000011000000000000
251472233999876111000000
796483549998772222211000
997794899998766543211110