322333233000000079000012
211121323800000078000012
111223278740000051000012
122332887654000144000012
333517987754000255000014
333249887741000554000024
446179888540000540000125
644289888510000540000145
533399996400006540000241
888888865100007610000251
988777762000077600001454
777766640000011200001455
244445510000777000002466
556667100000999000002678
778889400000988000002999
999999100007664000005888
766551000005553000025777
000000000000000000025666
000000000000000000004556
000000000000000000000005
111121111122111100000000
361383344889987222110000
887374458899883333322110
886685788999877654322111