566555999544300000001233
677767995543220000000233
888999614543210000000223
899996145643100000000023
999771345578500000000022
999942445588530000000022
886813444787531000000012
688613444786531000000012
799523326876431084000011
111444467865431083000001
244555569765321053000001
555566687654320042000000
944443787654310031000000
332221876543210031000000
111110000000000031000000
223000111111100000000000
550011112222222320000000
001112235555555544000000
001266666666666655000000
017777777777777760000000
088898888899888870000000
068549988112345990000000
005518471123449990000000
002217111223455670000000