677666988655410000000344
788878896654331000001344
999998723654321000000334
999887134554210000000134
888682234467610000000033
888951334479640000000033
775922333678642000000023
577712333697642000000023
688612215787542000000022
111333356976542000000012
133444459876432004000012
444455578765431053000011
955554698765421040000001
443300000000020040000001
221001111110000040000001
000111222222210000000000
001122223333333430000000
012223346666666650000000
002377777777777760000000
008888888888888870000000
009999999999999980000000
009638877111234900000000
004627561112338800000000
000316211112344500000000