899888766877632100000000
999999678876553200000066
888776941876543200000056
877669312376432200000056
666494112245832100000055
666772112258862000000055
553841111459864000000045
355931111489864000000015
466821123599764000000004
333111134898764000000004
211222237998654000000004
222233359987653000001003
777700000007643000001103
000001111100002000000003
000123333332100000000003
001333444444431000000012
003344445555555000000012
004445568888888000000012
004599999999999000000011
009999999999999000000001
008878888877888000000001
008816655332112000000000
000845743321116000000000
000534433221122000000000