122111566111256789999999
233323651112335689999999
444556248112345699888889
455662589912456099777782
666834789987150000666773
756516889974100001255683
746647888873100001235643
834555550002100001234593
800000000000000001235694
750000088887000001345794
750009999998800000356794
740009999999980000045695
740008888999990000005895
640007777788990000100789
640005555556780000100189
640005444444450000000079
640004443333330000001208
640003321111110000123406
640002222222220012565431
652003333333300013589640
753004444455400003589750
753006677556000002579964
764000185567000002479965
864200455667000002468975