455444899433223456666666
566656984432112356777777
777889515432101367888887
788995256732000077999982
999861456680000023999991
989833556690000024588981
979914555890000124568911
807888800000000134567861
800000013300000134568971
900000388889000034678961
980017777778000002689961
900016666777000000278972
900015555666000001008872
900014444455000002002986
970012222223000000010487
970012111111000000020197
970011111111000122334038
970011124444000233456013
970015555555000245898704
980016666660000146887902
980007777780000136887980
986009999220000135897690
997003382200000035797698
897001122300000035798798