788777877766521123333333
899989787765442123444444
999887832765014134555554
988778223400000344666655
777593123300001356777664
687861223300001357888754
697731222500002457898734
539888822200002467899834
022320000000003467898743
000003655500001367998633
600044444440000025987633
600143333440000002598742
600142222330000020038542
700141111120000030025653
700142222220000000003754
700142333333000000301464
700143334444002455660265
700144457770002566789141
700048888880001578878037
700049999900001479854005
600039999900001469854601
680037766200001468864371
670026652200000368964378
570014322000000368975468