766777322788976543333333
655565237789997643222222
444332684789569632111112
433226743240045822111119
222158543300006898222119
132386443300006897633219
142285444300007997653289
184333377000007987654339
577874323000048987653228
344400000000056887543138
000002222200003579532138
000693333220000057943227
000694444330000004583127
000695555540000000479113
000697777770000200058712
000697888880000000026912
000698889990000009804781
000699997770007988760696
000596666660006976320487
000595555500006975312059
000584444400006985312026
100482211700006986312306
100378817000005886412303
100169877000005886421213