111111455122367899999999
122212541123446799888888
333445159123874798777778
344551699800008588666673
555725899000007532555664
645427999000007531144574
635558999000006431124554
753444466000006421123494
866569989000005421124585
999900000000087521234695
000008880000069863245695
000749999800002686334586
025749999900000069854786
025748888800000004963679
025746666660000000485178
025746555550000020087468
025745554440000000019627
025744431110000000105747
025841111110007311450951
025842222220007412470583
025853333300007422478087
024955566600007421468037
024962276000008521368904
024774566000008521357800