899888766877632112222222
999999678806553212333333
888776940000005223444443
877669300000001433555546
666494100000032467666555
576772100000002468977645
586641100000003568997645
448777000000043578998725
133431200000044578997634
211155500000012478987524
000000000000052136976524
007200000000489513687633
496251100000145851147433
896251111000001487136542
896253333000000047714843
896253444000000004632553
896254445000000000291374
896255568000000050016252
896159999000000021005148
896159999000000000000616
896148888800000000000232
897146655300000000050082
897237743500031479853007
897425433000021479864308