655666211677887654444444
544454120008098754333333
333221500000029743222223
322115000000056933111128
111249000000087987111119
121277000000047986522129
131196000000058986542199
293220000000098976543249
688985000000099976542139
000099000000267976432149
000000000000514688421149
347210000000964168832138
941795000000699615692238
641796660000006962588124
641798880000000097269623
641798990000000049837913
641799990000000004755872
641799980000000000061797
641695550000000070009596
641694444000000050004168
641693333000000000000737
642591111000000000010037
642487728000006900013052
642279988000076975312006