433444122455699876666666
322232210006079976555555
111112300000047965444445
111223000000278855333346
222428000000099865222337
312159000000069864311247
312288000000079764321287
481110000000089754321167
899897000000088754321258
000000000000489854211368
000000000000736896212368
565431000000842389611259
822977000000887437881459
422978800000008841796346
422979990000000085188445
422979880000000008659735
422978880000000000937954
422977760000000000082979
422873330000000090007784
422872222000000070006286
422881111000000000000959
421782233000000000030019
421695549000008800035071
421497899000098853124004