788777877766521123333333
899989783005442123444444
999887820000004134555554
988778300000001344666655
777593200000021356777664
687861200000001357888754
697731200000002457898734
539885000000032467899834
000324000000033467898743
000000000000011367998633
788600000000063125987633
436568000000379612598742
397142100000134762138542
797141110000001378225653
797142220000000136813754
797142330000000003541464
797143334000000007182265
797144453000000000517141
797148885000000010024237
797149999000000025003715
797139999000000000000141
798237766000000000000791
798326652000000000060028
798514322000001360075057