999999655988743211111111
988898565200664311222222
777665941000010312333332
766559510000000522444437
555385410000003578555446
465683410000000579966536
475552400000000679986556
357667100000004689987616
000046200000005689986525
000000000000003589876415
999820000000041247865415
218346200000098424776524
585361310000056941256324
985362231000002596147431
985364442000000058625932
985364552000000005723642
985365556000000009391483
985366675000000000725363
985269997000000000046159
985268888000000007001527
985257777000000001000323
986155544000000000000973
986148834000000000040016
986336544000002580053079