988999544999854321111111
877787456300075421111111
666554852000001411222221
655448620000000011333328
444276520000000689444337
354594520000000689855427
364463500000000789875467
266558200000000799876517
000007300000006799875416
000000000000004699765316
988930000000001358754316
119235300000007335865415
674472420000067932365215
974473342000003695258321
974475553000000069536921
974475663000000006814731
974476667000000000482592
974477786000000000834474
974378888000000000057269
974377777100000008000438
974366666100000002000414
975264433100000000000964
975159925100000000000025
975247655100003690042009