766777322788976543333333
655565238520007643222222
444332674100000632111112
433226842100000002111119
222158742000000098222119
132386740000000097633219
142285710000000097653289
184339421000000087654339
000000520000000987653228
000000000000000887543138
766852100000000579532138
238113521000000157943227
852694642100009714583127
752695564100000873479113
752697775100000008358712
752697885100000000926912
752698889200000000664781
752699998200000000052696
752596669200000000009487
752595555300000000100259
752584444300000000100026
753482211300000000000046
753378817300000000000003
753169877300000880001107