655666211677887654444444
544454129630000754333333
333221585200000043222223
322115953200000000111128
111249853100000007111119
121277850000000006522129
131196821000000006542199
293228532000000076543249
000000030000000976542139
000000000000000976432149
655763200000000688421149
347212632000000168832138
941795753200000615692238
641796675200000062588124
641798886200000007269623
641798996200000000837913
641799999300000000055872
641799989300000000001797
641695558300000000000596
641694444400000000200068
641693333400000000200037
642591111400000000000007
642487728400000000000002
642279988410000971002200