111111455122100000009999
122212545883000000000888
333445169742000000007778
344551598740000000066673
555725698610000000005664
645427695320000000044574
635500000410000000124554
000000000000000000123494
000012111000000000124585
115554432210000000234695
111288754321000003245695
892764887543100000334586
525749798753100000054786
125748879752100000000679
125746668742100000100078
125746558753100000100008
125745554853100000000007
125744435853100000000000
125841113853100000000010
125842222953100000000010
125853333953100000000000
124955566953100000000000
124962276953100000010000
124774566963100000532100