122111566111200000000099
233323654794100000000999
444556258853000000008889
455662489850000000007782
666834589721000000006773
756516586431000000005683
000000000000000000035643
000000000000000000034593
000023222110000000035694
026665543321000000345794
122179865432110000356794
991875798654200000045695
436638689864200000000895
136637768863200000000089
136635557853200000010009
136635447864200000010000
136634443964200000000000
136633324964200000000000
136732222964200000000001
136733333964210000000000
136744444964210000000000
135846677964210000000000
135951185964210000001000
135863455974200000043210