233222677211310000000088
344434763695200000000999
555667347964000000000999
566773379961000000000891
777943479832100000000882
067610000002000000006792
000000000000000000006732
000001111100000000005682
001134333221000000006793
037776654432100000056883
033169976543220000007883
081986699765310000000794
047527579975310000000004
247526657974310000000000
247524446964310000001000
247524336975310000001000
247523332975310000000000
247522213975310000000000
247623331975310000000000
247624444875320000000000
247635555875320000000000
246737788875320000000000
246841194875320000002110
246952344885310000004321