344333788322420000000007
455545872586310000000088
666778436975100000000098
677884268972100000000091
088952000003200000000991
000000000000000000000891
000000111100000000000821
000012222211100000000771
002245444332110000007882
008887765543211000007972
044258987654331000000972
072997589876421000000003
058416468986421000000000
058415546985421000000000
058413335975421000000100
058413225986421000000000
058412221886421000000000
058411112886421000000000
358514441886421000000000
358515555786431000000000
358526666786431000000000
357628899786431000000000
357732293786431000000221
357941233796420000005432