455444899433531000000006
566656981477420000000007
777889525886210000000007
008995100003210000000002
000000000000000000000091
000000011100000000000081
000001222211100000000011
001123333322210000000061
003356555443221000000971
009998876654322100000061
005347898765442000000001
003898478987532000000000
009315357897532100000000
069314435896532100000010
069312224886532100000010
069312114897532100000000
069311111797532100000000
069311121797532100000000
069415552797532100000000
069416666697542100000000
069417777697542100000000
068519999697542100000011
068623382697542100000032
068831122697531000000543