566555999544642000000000
677767991368530000000000
000099600000021000000000
000000000000000000000003
000000011111000000000002
000001122211110000000002
000112333322211000000002
000234444433321000000002
000467666554332110000001
009999987765433200000000
006436799876553100000000
004789367998643100000000
009224246798643210000000
009223324797643200000001
009221113797643200000000
009221113798643200000000
009221112698643200000000
079222231698643210000000
079326663698643210000000
079327777598653210000000
079318888598653210000000
079419988598653210000002
079514471598653200000003
079722111588642100000054