000666988005753000000000
000000000000000000000000
000000000000000000000000
000000011111110000000000
000011122222111000000000
000012233322221000000000
000223444433322100000000
000345555544432110000000
000578777665443220000000
000889998876544310000000
000525689987664210000000
000679256899754210000000
008133135689754320000000
008132213688754310000000
008131112698754310000000
008131222689754310000000
008132223589754310000000
008133342589754320000000
008237774589754320000000
008238888489764320000000
088229999489764320000000
089328877489764320000000
089415561489764310000004
089613211479753200000005