000000000000000000000000
000000000111100000000000
000001111111111100000000
000011122222221100000000
000022233333222100000000
000023344433332110000000
000034555544433211000000
000456666655543221000000
000689888776554331000000
000778899987655421000000
000614578998775321000000
000568145789865321000000
000142124579865431000000
000141112579865421000000
007142221589865421000000
007142331579865421000000
007143334479865421000000
007144453479865431000000
007148885479865431000000
007149999379875431000000
007139999379875431000000
008237766379875431000000
008326652379875420000000
008514322369864310000000