000000666666666655432100
000006666777766665432110
000007777777777765432211
000007788888887765443320
000008899999888765544320
000009999999998776554310
000099888899999877654211
000087777788899887654321
000054555667889997654321
000012234456788987654321
000063212345668987654321
000012632123578987654321
000095753213578997654321
000796675214578987654322
000798886224578987654322
000798996213578987654322
000799999313578987654332
000799989313578997654332
000695558313578997654321
000094444413568997654320
000093333413568997654210
000091111413568997643200
000087728413568986542100
000079988413579976432100