210000055555555566789988
210000055444455556789998
310000044444444456789999
310000033333334456778898
320000022222333456677898
321000011122223445667898
321000011111122344567999
321000022211112334567899
421000044332111224567899
432100065543211134567899
432100087654331234567899
432100089876421234567899
532110008986421124567899
543210006985421134567899
543210005975421134567899
543211005986421134567899
643321001886421134567889
654321100886421124567889
654322110886421124567899
754432215786431124567898
765433216786431124567998
765443229786431124578987
876543323786431135679987
876544333796421245789987