321000004444444455678999
321000004333344445678999
421000003333333345678899
421000002222223345667789
431100001111222345566789
432100001111112334556799
432100002211111233456899
432100003322211223456789
532110005443221113456789
543210006654322123456789
543210008765442123456789
543211008987532123456789
643221000897532113456789
654321000896532123456788
654321100886532123456788
654322100897532123456788
754432110097532123456778
765432211097532113456778
765433221797532113456789
865543326697542113456789
876544327697542113456899
876554339697542113467898
987654432697542124568998
987655422697531134678998