987643100033333322112344
987653200044433332112334
987654210004444432112233
987654310005554432111124
997764321006555432211124
998765421006665443221134
998765432107766544321233
998765432210876554321123
898776543211887664321123
899876543321988754321123
899876554328998654321123
899877654332898654321123
799887655436898764321123
789987665447898754321122
789987765547898754321122
789988766546898754321122
689998776646898754321112
678998877646898764321112
678999887146898764321123
578899987146898764321124
567899986146898764321234
567889993146898764311245
456789995146898753212345
456788955136897643112345