123467997654777788998766
123457898755677778998776
123456899765666678998877
123456799876556678999986
113346789987555678899986
112345689998445667889976
112345678993344566789877
112345678899234556789987
212334567899223446789987
211234567789122356789987
211234556782112456789987
211233456778212456789987
311223455674212346789987
321123445663212356789988
321123345563212356789988
321122344564212356789988
421112334464212356789998
432112233464212346789998
432111223964212346789987
532211123964212346789986
543211124964212346789876
543221117964212346799865
654321115964212357898765
654322155974213467998765