112356898765666677899877
112346799866566667899887
212345789876555567899988
212345689987445567889997
212235678998444567788997
211234578999334556778987
211234567892233455678988
211234567789123445678998
311223456788112335678998
321123456678111245678998
321123445673221345678998
321122345667311345678998
421112344565311235678998
432112334554311245678999
432112234454311245678999
432111233475311245678999
532211223375311245678999
543211122375311235678999
543211112975311235678998
643321114875321235678997
654322115875321235678987
654332118875321235689976
765432214875321246789876
765433244885312356899876