432123568998333344567899
432113467899233334567889
532112456899222234567788
532112356789112234556679
542212345678111234455679
543211245667111223445689
543211234562211122345788
543211234456321112345678
643221123455332112345678
654321123345433212345678
654321112346553112345678
654322112334643112345678
754332111238643212345678
765432111227643212345677
765432211127643212345677
765433211198643212345677
865543221198643212345667
876543322198643212345667
876544332698643212345678
976654437598653212345679
987655438598653212345789
987665448598653212356799
998765541598653213457899
998766511588642123567899