765421235678111111234566
765431134577211111234556
865432123567222211234455
865432123456332211223346
875542112345333211122346
876543212334443221112356
876543211235044322112455
876543211123154332112345
976554321122665442112345
987654321112766532112345
987654332119886432112345
987655432111976432112345
987665433218976542112345
998765443229976532112344
998765543329976532112344
998766544368976532112344
898876554468976532112334
899876655468976542112334
899877665368976542112345
799987769268986542112346
789988768268986542112456
789998775268986542123467
678998873268986531124567
678999833258975421234567