987643113456333322112344
987653212355433332112334
987654211345444432112233
987654311234554432111124
997764321123055432211124
998765421112065443221134
998765432117166544321233
998765432211376554321123
898776543211887664321123
899876543321988754321123
899876554328998654321123
899877654332898654321123
799887655436898764321123
789987665447898754321122
789987765547898754321122
789988766546898754321122
689998776646898754321112
678998877646898764321112
678999887146898764321123
578899987146898764321124
567899986146898764321234
567889993146898764311245
456789995146898753212345
456788955136897643112345