899865321234555544321122
899875421133655554321112
799876432123666654321111
799876532110076654332212
789986543210077654433212
789987643221287665443212
789987654329388766543111
789987654432598776543211
689998765433999886543211
678998765543899976543211
678998776546779876543211
678999876554689876543211
578999877654689986543211
567899887665689976543211
567899987765689976543211
567899988724689976543211
467789998824689976543221
456789999824689986543221
456788999224689986543211
356678895324679986543212
345677894324679986543112
345667881324679986532123
234567787324679975431123
234566777314689865321123