345689875432999999876544
345679976533899999876554
245678987543888899876655
245678987654578899887764
235568998763377899988764
234567898772367889998754
234567899872266788998655
234567899982256778998765
134556789981145668998765
123456789911144578998765
123456778991124678998765
123455678990034678998765
123445677890034568998765
112345667880034578998766
112345567781134578998766
112344566742134578998766
212234556642134578998776
211234455642134568998776
211233445742134568998765
311123341842124568998764
321122342842124568998654
321112335842124568987643
432112237842124579986543
432111277852135689876543