211245789876555566789988
211235689977455556789998
311234678987444456789999
311234578998934456778898
321124567897733456677898
321123467886723445667898
321123456786622344567999
321123456676612334567899
421112345675511224567899
432112345555511134567899
432112334565531234567899
432111234500001234567899
532111233000000124567899
543211223000001134567899
543211123000001134567899
543211120000000134567899
643321110000000034567889
654321110000000024567889
654322111000000124567899
754432215786431124567898
765433216786431124567998
765443229786431124578987
876543323786431135679987
876544333796421245789987