321134679987444455678999
321124578988344445678999
421123567998333345678899
421123467899923345667789
431113456788822345566789
432112356777812334556799
432112345677711233456899
432112345567711223456789
532111234566621113456789
543211234466622123456789
543211223456642123456789
543211123400002123456789
643221122000000113456789
654321112000000123456788
654321112000000123456788
654322110000000023456788
754432100000000003456778
765432200000000003456778
765433200000000003456789
865543326000000113456789
876544327697542113456899
876554339697542113467898
987654432697542124568998
987655422697531134678998