765421235678111111234566
765431134577211111234556
865432123567222211234455
865432123456532211223346
875542112347733211122346
876543212338743221112356
876543211238844322112455
876543211128854332112345
976554321129965442112345
987654321109060532112345
987654302119986130112345
987655032232236211012345
987665023221122210112345
998765010111101002112344
998765540000000032112344
998766500000000002112344
898871100002200001112334
899871230110011032112334
899811230000000032112345
799911230000000032112346
789981223000000222112456
789991122222222221123467
678998111222226111124567
678999833111111421234567