876532124567222211123455
876542123466322221123445
976543112456333321123344
976543212345443321112235
986653211236644321111235
987654311227654332111245
987654321127755433211344
987654321117765443211234
987665432118876553211234
998765430218171643211234
998765413218897241011234
998760143343347322001234
898770134332233321011234
899870101222212103211233
899876601101100143211233
899877611000000013211233
799982210000000002211223
789982300021120003211223
789922300111111003221234
689922300111110003221235
678992300000000003211345
678992233000000332212356
567899222133337222113456
567899944222222532123456