998754212345444433211233
998764311244544443211223
898765321234555543211122
898765421123265543221113
898875432114466543322113
899876532115476554332123
899876543215577655432122
899876543325587665432112
799887654326698775432112
789987651416393165432112
789987135436689460232112
789912365565569544202112
689902356554455543210112
678011323444434325410111
678908813323322361402111
678999033112211230432111
578894032000000224432111
567894500243342005432111
567844012333333210442112
467740012333332210042113
456780012222222110032123
456770011122221110021134
345678001111111100321234
345677800000000004211234