899865321234555544321122
899875421133655554321112
799876432123666654321111
799876532112176654332212
789986543213377654433212
789987643224387665443212
789987654324488766543111
789987654434498776543211
689998765435599886543211
678998762525494276543211
678998246505509571343211
678920476676679655313211
578913467665566654301211
567122434555545436521211
567019924434433472513211
567899144223322341540211
467785143111111335543221
456785001354453100043221
456750123044440321053211
356600123444443321003212
345600123333333221003112
345600122233332221002123
234500112222222211001123
234560011111111110021123