456799764321999988765433
456789865422999998765443
356789876432999998765544
356789976543489998776653
346679987652288998877653
345678987661278999887643
345678998761177899987544
345678998871167889987654
245667899871156779987654
234567896961858689987654
234567689941145985787654
234564889939935999757654
134557898999999998345654
123566828999989879963655
123356668818817886957655
123455588667766785982355
123349587555555779987665
112349445798897544483165
112393567488884765397654
212233567000000765337213
212344560012210065443243
211342500012110005243532
321342500001100005243112
321134450000000054435432