345689875432999999876544
345679976533899999876554
245678987543888899876655
245678987654578899887764
235568998763377899988764
234567898772367889998754
234567899872266788998655
234567899982256778998765
134556789981145668998765
123456787971949778998765
123456798951154976898765
123475978848844899868765
123468987889988899456765
112677939999999988974766
112465579929928977968766
114344699778877896993466
214239698666666889998776
213439556899998655594276
211294678599995876498765
313344670000000076448324
323455600120021006554354
321453000120021000354643
432453000112211000354223
432145500111110005546543