234578986543888899987655
234568987644788889987665
134567998654777789987766
134567898765667789998875
124457899874466789999875
123456799883456778999865
123456789983355677899766
123456789993345667899876
123445678992234557899876
112345678882939867899876
112345897862263867999876
112386967757753788979876
212379976778877789567876
211788949888898997885877
211574489939939968879877
215233799889988997894577
315128799777777998899887
324528667980089766695387
321185789600096987589876
424455780000000087559435
434566001230032100665465
432564001230032100465754
543560011220022110065334
543250011222221100057654