112356898765666677899877
112346799866566667899887
212345789876555567899988
212345689987845567889997
212235678996644567788997
211234578995634556778987
211234567895533455678988
211234567785523445678998
311223456784412335678998
321123459694717945678998
321123975684481649878998
321198745575571566898998
421198754556655567789998
432999767666676785697999
432792297700058749698999
437111977900099879676799
537216978900099886678999
546716889810068988877599
543267998820078899768998
646677911220022199778657
656780123450054321087687
654701223450054321107976
765701233440044332107556
765011233440043322100876