899865321234555544321122
899875421133655554321112
799876432123666654321111
799876532112176654332212
789986543213377654433212
789987643224387665443212
789987654324488766543111
789987654434498776543211
689998765435599886543211
678998762525494276543211
678998246515519571343211
678921476626629655313211
578913467660066654211211
567122434550045436522211
567219924450043472513211
562899144260022341543211
462785143190011335543221
453285111380003111142421
456752123100001321253211
353322188700007821223342
343219876500005678912312
345298744500005448892123
234298455600006554892443
239934456700007654439123