123467997654777788998766
123457898755677778998776
123456899765666678998877
123456799876756678999986
113346789985555678899986
112345689994545667889976
112345678994444566789877
112345678894434556789987
212334567893323446789987
211234569793828956789987
211234986770072758989987
211297856660062677989987
311289865660066678678987
321899858770087896796988
321683398870049859789988
326122888900009988785688
426117889800008997789998
435617778900009877786498
432176899700007998679987
535566811100001198669546
545672112300003211276576
543621188700007881126865
654621877000000778126445
653298876000000678892765