211245789876555566789988
211235689977455556789998
311234678987444456789999
311234578998934456778898
321124567897733456677898
321123467886723445667898
321123456786622344567999
321123456676612334567899
421112345675511224567899
432112348580016834567899
432112864590091539767899
432189634480081455797899
532197643440044456899899
543988676550065674588899
543891186650007638597899
548211966800008769567899
648325967900009775567889
657825999700007999968689
654358987900009789857899
757788922300003289887768
767891234500005432198798
765812366500005662218987
876812655000000556218667
871176654000000456671987