543212457899222233456788
543212356799122223456778
643211345789111123456677
643211245678711123445568
653321234569911123344568
654321134559921112334578
654321123459922111234677
654321123349932111234567
754332112348843221234567
765432115250043511234567
765432531270074216434567
765457311180084122464567
865464311110011123876567
876655393220032341258566
876863353320004315264566
878544633500005436239866
978652634600006442234556
989852776400004677738956
987628654700007456824567
989988655600006556884998
999874567800008765478978
998845633200002335548689
899845322000000223548999
893443321000000123344789