998754212345444433211233
998764311244544443211223
898765321234555543211122
898765421123265543221113
898875432114466543322113
899876532115476554332123
899876543215577655432122
899876543325587665432112
799887654320098775432112
789987651400003165432112
789987135420029461232112
789912365530039544212112
689912356550055543321112
678111343440034325413111
678318813300002361412111
673999133100001231434311
573894132100001224432111
564394221200002122233511
567843112200002211342112
464433199800008911332453
454329987600006789923423
456399833400004339993134
345399344000000443993554
348923345000000543329234