567898653211888877654322
567898754311988887654332
467899765321999987654433
467899865432399987665542
457789876541199987766542
456789976551189998776532
456789987651188999876433
456789987761178999876543
356778998700007889876543
345678995800007599876543
345678579830036894676543
345653799920026988646543
245646799990099987234543
234455717800078769852544
234247757700006795846544
232566477500005674871244
132458476400004668876554
121258334600006433372154
123482456000003654286543
121122455400004554226112
111236543200002345632132
112265477000008775562421
211265788000000887562111
217667789000000987766321