456799764321999988765433
456789865422999998765443
356789876432999998765544
356789976543489998776653
346679987652288998877653
345678987661278999887643
345678998761177899987544
345678998871167889987654
245667899800006779987654
234567896900008689987654
234567689940045985787654
234564889930035999757654
134557898990099998345654
123566828900089879963655
123356668800007886957655
123455588600006785982355
123349587500005779987665
112349445000007544483165
112393567000000765397654
212233544300003465337213
212345432100001234543243
211354388000009884453532
321354899000000998453112
326578899000000998875432