211245789876555566789988
211235689977455556789998
311234678987444456789999
311234578998934456778898
321124567897733456677898
321123467886723445667898
321123456786622344567999
321123456600002334567899
421112345600001224567899
432112348500046834567899
432112864500091539767899
432189634400081455797899
532197643400044456899899
543988676500045674588899
543891186600007638597899
548211966800008769567899
648325967000009775567889
657825999000000999968689
654358987000000789857899
757788920000003289887768
767891234500005432198798
765812366000005662218987
876812655000000556218667
871176654000000456671987