432123568998333344567899
432113467899233334567889
532112456899222234567788
532112356789812234556679
542212345679911234455679
543211245668911223445689
543211234568811122345788
543211234000001112345678
643221123400012112345678
654321126300064612345678
654321642300083317545678
654368412200093233575678
754375421200022234987678
765766494300063452369677
765972264400005416375677
769433744600006547349977
869543745000007553345667
879943887000000788849867
876539760000000067935678
979999740000005467995989
989983456000007654389989
987934544000003444439799
998934433000000334439889
992354432000000234453899