876532124567222211123455
876542123466322221123445
976543112456333321123344
976543212345443321112235
986653211236644321111235
987654311227654332111245
987654321000015433211344
987654321000025443211234
987665432000056553211234
998765432200091243211234
998765213200047243111234
998724143000057322131234
898731134000033321543234
899322161000002113225233
899536621000001142231233
895877311000002113216533
795982310000000112211223
786582440000000044415723
789925300000000023521234
686655300100009823551675
676547801000008998745645
678578911000002118875356
567578122000002221875776
566711123000000321117456