678987542112777766543211
678997643211877776543221
578998654211888876543322
578998754321298876554431
568898765431199876655431
567899865442199887665421
567899870000069988765322
567899870000079998765432
467889980000098998765432
456789984000146498765432
456789468000527793565432
456742698000317877535432
356735680000088876123432
345344610000007658741433
345138800000005694735433
341677300000004563761133
241567300000000557765443
231167200200000122261243
234571000400000143175432
131111003600005643115121
121120036000003456721121
123170566000007666671311
112170677000007776671221
118756678000001876657211