211245789876555566789988
211235689977455556789998
311234678987444456789999
311234578998934456778898
321124567897733456677898
321123467800723445667898
321123400000062344567999
321123400000052334567899
421112300000021224567899
432112340000046834567899
432112860000791539767899
432189630000981455797899
532197640000044456899899
543988670000005674588899
543891160000007638597899
548211940000008769567899
648325930000006775567889
657825910000000899968689
654358500000000889857899
757788100000000089887768
767893000000000232198798
765811000000000662218987
876830000000000556218667
871110000200000456671987