432123568998333344567899
432113467899233334567889
532112456899222234567788
532112356789812234556679
542212345679911234455679
543211205600011223445689
543211200000041122345788
543211200000031112345678
643221110000012112345678
654321120000064612345678
654321640000083317545678
654368410000093233575678
754375421000002234987678
765766492000003452369677
765972282000000416375677
769433762000000547349977
869543751000000553345667
879943830000000988849867
876539720000000067935678
979999300000000067995989
989985200000000054389989
987933100000000044439799
998952000000000034439889
992331000000000034453899