654311346789111122345677
654321245688111112345667
754321234678111112345566
754321134567621112334457
764431123458822112233457
765432113400002111223467
765432110000003211123566
765432120000003221123456
865443230000004331123456
876543212000002421123456
876543421000065125323456
876546221000005111353456
976553213000001112765456
987544284000000231147455
987754494000000024153455
987655584000000025128755
987761573000000031123445
998761652000000066627945
998717940000000005713456
898877520000000005773897
898767410000000006567867
899755300000000006657578
789774200000000002657998
784553100000000002235678