876532124560022211123455
876542123466322221123445
976543112456333321123344
976543212345443321112235
986653211236644321111235
987654331020000332111245
987654331000000433211344
987654341000000443211234
987665452100000553211234
998765434100000243211234
998765213100000243111234
998724143100000322131234
898731135100000021543234
899322166100000013225233
899536676100000002231233
895877396100000003216533
795982395000000002211223
786582474000000004415723
789925861000000000521234
686655740000000000551675
676549630000000000745645
678577520000000000875356
567596420000000000875776
566775310000000000117456