456799764000000988765433
456789865022990998765400
356789876032999992711500
356789976043480392221100
346679987005200332221100
345678998005500333221100
345678998005500433221100
345678988006500433221100
245667879876554432221100
234567898006500332211100
234567689006540332211100
234564889000000332211100
134557897000000332211000
123566826000000332211000
123356616000000322110000
123455526000000321100000
123349537000000221000000
112349458000000211000010
112393168000000210000000
212233587000000110000100
212343697000000110000000
211355797000000110001000
321336897000000110011000
326557987000000100011000