234578986000000899987655
234568987044780889987622
134567998054770784933722
134567898065660584443322
124457899007400554443322
123456779007700555443322
123456779007700655443322
123456769008700655443322
123445658998776654443322
112345676008700554433322
112345897008760554433322
112386967000000554433322
212379975000000554433222
211788944000000554433221
211574434000000544332211
215233714000000543322111
315128715000000443222111
324528636000000433221110
321185249000000432221110
424455369000000332211100
434561479000000332211100
432533589000000332211100
543514689000000332211100
544335799000000322111200