123467990000000088998766
123457890055670078998733
123456890065660075944833
123456790076750075554433
113346780008500065554433
112345660008800066554433
112345660008800066554433
112345650009800066554433
212334540899887065554433
211234560009800065544433
211234980009870065544433
211297850000000065544433
311289860000000065544333
321899850000000065544332
321683340000000055443322
326122820000000054433222
426117810000000054333222
435617720000000044332221
432176330000000043332221
535566250000000043322211
545671360000000043322211
543622470000000043322211
654613570000000043322211
653224680000000033222311