112356890001100077899877
112346790066560067899844
212345780076550066855944
212345680087840066665544
212235670009600076665544
211234550009900077665544
211234550009900077665544
211234540009900077665544
311223430789998076665544
321123450009900076655544
321123970009980076655544
321198740000000076655544
421198750000000076655444
432999760000000076655443
432792250000000066554433
437111930000000065544333
537216920000000065444333
546716810000000055443332
543267420000000054443332
646677140000000054433322
656782250000000054433322
654711360000000054433322
765722460000000054433322
762113570000000044333422