543210000045542000056788
543210000099123000056788
643210000009110000099688
643210000008710000099988
653320000006900000099988
654320000006600000099988
654320000006610000099988
654320000005620000099988
754330003345667000099988
765430000005620000099988
765430000035670000099988
765450000003400000099988
865460000000200000099888
876650000000000000099887
876860000000000000098877
878540000000000000088777
978650000000000000088777
989850000000000000087776
987620000000000000087776
989980000000000000077766
999870000000000000077766
998840000000000000077766
899860000000000000077766
893440000000000000077866