980000000009986000000044
980000000005430000000077
980000000005440000000077
980000000004350100000077
990000000002522100000077
990000000002243200000077
990000000002253200000077
990000002231264400000077
890000000000222000000077
890000000000262000000077
890000000071234200000077
890000000027831000000077
790000000012620000000077
780000000000420000000078
780000000000010000000088
780000000000000000000088
680000000000000000000088
670000000000000000000089
670000000000000000000089
570000000000000000000099
560000000000000000000099
560000000000000000000099
450000000000000000000099
450000000000000000000099