800000000008890000000002
800000000003650000000005
700000000003600000000005
700000000002102320000005
700000000001344320000005
700000000001165420000005
700000000001175410000005
700000000002186600000005
600000000002114000000005
600000000112184200000005
600000000012116400000005
600000000049953000000005
500000000034841000000005
500000000011642000000006
500000000000232000000006
500000000000011000000006
400000000000000000000006
400000000000000000000007
400000000000000000000007
300000000000000000000007
300000000000000000000007
300000000000000000000007
200000000000000000000007
200000000000000000000007