000000000007780000000000
000000000002760000000000
000000000002710000000000
000000000001113431000000
000000000002255430000000
000000000002276530000000
000000000002286520000000
000000000003297700000000
000000000013225000000000
000000000023295300000000
000000000120217500000000
000000011109864000000000
000000000045952000000000
000000000022753100000000
000000000000343100000000
000000000000022000000000
000000000000000000000000
000000000000000000000000
000000000000000000000000
000000000000000000000000
000000000000000000000000
000000000000000000000000
000000000000000000000000
000000000000000000000000