000000000052234233000000
000000000054784340000000
000000000004765550000000
000000000005668980000000
000000000007499900000000
000000000007778900000000
000000000007768901000000
000000000018757722000000
000000000068079440000000
000000000570059850000000
000000004640767910000000
000000006200089311100000
000000005000597332100000
000000055000798642100000
000000042004898632100000
000000031002100031000000
000000010001000000000000
000000200000000000000000
000000100000000000000000
000000000000000000000000
000000000000000000000000
000000000000000000000000
000000000000000000000000
000000000000000000000000