000000000082217560000000
000000000007457670000000
000000000007498880000000
000000000008998700000000
000000000009766702000000
000000000009945613000000
000000000009935634000000
000000000048924455000000
000000000098096770000000
000000000890026880000000
000000000970094643030000
000000009500057644430000
000000008300069665430000
000000008200468975430000
000000005000878965430000
000000004000430000000000
000000043000300000000000
000000031000000000000000
000000420000000000000000
000000000000000000000000
000000000000000000000000
000000000000000000000000
000000000000000000000000
000000000000000000000000