000023450000000000124579
000013450000000000124579
000012350000000000124579
000012340000000000124579
000012340000000000124579
000012340000000000124579
000012345000000000124579
000112345000000000124579
000122456000000000124579
000123457000000000124579
000123467000000000124579
000124561000000000124579
000200000000000000124579
000000000000000000124579
000000000000000000124579
000000000000000000124579
000000000000000000124579
000000000000000000124579
000000000000000000124570
000000000000000000124570
000000000000000000124570
000000000000000000124570
000000000000000000124570
000000000000000000124570