004898000000023568997641
004890000000023568997641
004700000000023568997641
003700000000023568997641
007790000000023568997641
007899000000023568997641
003890000000023568997641
000570000000023568997641
058990000000023568997641
007900000000023568997641
003900000000023568997641
000000000000023568997641
000000000000023568997641
000000000000023568997641
000000000000023568997601
000000000000023568997001
000000000000023568997003
000000000000023568990024
000000000000023568900000
000000000000023568100000
000000000000023568900001
000000000000023568930003
000000000000023568992002
000000000000023568993002