006970000000145789875422
006980000000145789875422
006900000000145789875422
005900000000145789875422
009900000000145789875422
029980000000145789875422
005980000000145789875422
002700000000145789875422
079800000000145789875422
009800000000145789875422
005800000000145789875422
000000000000145789875422
000000000000145789875422
000000000000145789875422
000000000000145789875022
000000000000145789875002
000000000000145789870025
000000000000145789870046
000000000000145789810000
000000000000145789300000
000000000000145789820003
000000000000145789852005
000000000000145789874004
000000000000145789870004