008750000000367997653214
008760000000367997653214
008800000000367997653214
007800000000367997653214
008800000000367997653214
048760000000367997653214
007760000000367997653214
004900000000367997653214
007600000000367997653214
028600000000367997653214
000600000000367997653214
000000000000367997653214
000000000000367997653214
000000000000367997653214
000000000000367997653044
000000000000367997653024
000000000000367997650047
000000000000367997600068
000000000000367997600001
000000000000367997500001
000000000000367997640005
000000000000367997674017
000000000000367997650006
000000000000367997650006