003240000000854212346797
003230000000854212346797
003100000000854212346797
004100000000854212346797
001100000000854212346797
001200000000854212346797
074200000000854212346797
007200000000854212346797
002300000000854212346797
001300000000854212346797
000300000000854212346797
000000000000854212346797
000000000000854212346797
000000000000854212346797
000000000000854212340077
000000000000854212340097
000000000000854212340074
000000000000854212300053
000000000000854212300009
000000000000854212680009
000000000000854212378076
000000000000854212347094
000000000000854212344005
000000000000854212340005