001460000000632124568985
001450000000632124568985
001310000000632124568985
002300000000632124568985
003300000000632124568985
003400000000632124568985
002400000000632124568985
005100000000632124568985
004500000000632124568985
003500000000632124568985
000500000000632124568985
000000000000632124568985
000000000000632124568985
000000000000632124568985
000000000000632124560055
000000000000632124560075
000000000000632124560052
000000000000632124500001
000000000000632124500008
000000000000632124490008
000000000000632124559094
000000000000632124525082
000000000000632124566003
000000000000632124560003