002680000000411346789863
002670000000411346789863
002530000000411346789863
001500000000411346789863
005500000000411346789863
005600000000411346789863
001600000000411346789863
003300000000411346789863
006710000000411346789863
005700000000411346789863
000700000000411346789863
000000000000411346789863
000000000000411346789863
000000000000411346789863
000000000000411346780033
000000000000411346780053
000000000000411346780031
000000000000411346700002
000000000000411346700006
000000000000411346270006
000000000000411346737082
000000000000411346713061
000000000000411346788001
000000000000411346780001