025980000000134679986531
035990000000134679986531
015860000000134679986531
004800000000134679986531
008800000000134679986531
008900000000134679986531
004900000000134679986531
001600000000134679986531
009900000000134679986531
038900000000134679986531
000900000000134679986531
000000000000134679986531
000000000000134679986531
000000000000134679986531
000000000000134679980011
000000000000134679980021
000000000000134679980014
000000000000134679900005
000000000000134679900003
000000000000134679240023
000000000000134679914052
000000000000134679941034
000000000000134679988003
000000000000134679982003