036970000000145789875422
046980000000145789875422
026970000000145789875422
005900000000145789875422
009900000000145789875422
009900000000145789875422
005900000000145789875422
002710000000145789875422
009800000000145789875422
049800000000145789875422
001800000000145789875422
000000000000145789875422
000000000000145789875422
000000000000145789875422
000000000000145789870022
000000000000145789870012
000000000000145789870025
000000000000145789800006
000000000000145789800002
000000000000145789330032
000000000000145789823043
000000000000145789852025
000000000000145789877004
000000000000145789873004