047860000000256898764313
057870000000256898764313
037980000000256898764313
006900000000256898764313
009900000000256898764313
009800000000256898764313
006800000000256898764313
003820000000256898764313
008700000000256898764313
059710000000256898764313
002000000000256898764313
000000000000256898764313
000000000000256898764313
000000000000256898764313
000000000000256898760033
000000000000256898760013
000000000000256898760036
000000000000256898700007
000000000000256898700001
000000000000256898420041
000000000000256898732034
000000000000256898763016
000000000000256898766005
000000000000256898764005