058750000000367997653214
068760000000367997653214
048890000000367997653214
007800000000367997653214
008800000000367997653214
008700000000367997653214
007700000000367997653214
004930000000367997653214
007600000000367997653214
008620000000367997653214
003000000000367997653214
000000000000367997653214
000000000000367997653214
000000000000367997653214
000000000000367997650044
000000000000367997650024
000000000000367997650047
000000000000367997600008
000000000000367997600001
000000000000367997510001
000000000000367997641025
000000000000367997674007
000000000000367997655006
000000000000367997655006