079530000000589875431136
089540000000589875431136
069680000000589875431136
019600000000589875431136
016600000000589875431136
006500000000589875431136
009500000000589875431136
006850000000589875431136
015400000000589875431136
016440000000589875431136
005000000000589875431136
000000000000589875431136
000000000000589875431136
000000000000589875431136
000000000000589875430066
000000000000589875430046
000000000000589875430069
000000000000589875400009
000000000000589875400003
000000000000589875720003
000000000000589875462007
000000000000589875496009
000000000000589875433008
000000000000589875437008