088420000000699764321247
098430000000699764321247
078570000000699764321247
029500000000699764321247
025500000000699764321247
015400000000699764321247
009400000000699764321247
007760000000699764321247
024300000000699764321247
025350000000699764321247
006000000000699764321247
000000000000699764321247
000000000000699764321247
000000000000699764321247
000000000000699764320077
000000000000699764320057
000000000000699764320009
000000000000699764300008
000000000000699764300004
000000000000699764830004
000000000000699764373008
000000000000699764397009
000000000000699764322009
000000000000699764328009