196210000000887542113469
086210000000887542113469
096300000000887542113469
047300000000887542113469
043000000000887542113469
033000000000887542113469
017000000000887542113469
009580000000887542113469
042100000000887542113469
043170000000887542113469
008000000000887542113469
000000000000887542113469
000000000000887542113469
000000000000887542113469
000000000000887542112009
000000000000887542112009
000000000000887542110007
000000000000887542100006
000000000000887542100006
000000000000887542950006
000000000000887542195009
000000000000887542179007
000000000000887542111008
000000000000887542119008