552300000000743113457896
442000000000743113457896
362000000000743113457896
380000000000743113457896
380000000000743113457896
270000000000743113457896
153000000000743113457896
146170000000743113457896
483003000000743113457896
382400000000743113457896
247200000000743113457896
120000000000743113457896
000000000000743113457896
000000000000743113457896
000000000000743113456006
000000000000743113456006
000000000000743113451003
000000000000743113420002
000000000000743113410000
000000000000743113590000
000000000000743113469000
000000000000743113436000
000000000000743113455000
000000000000743113455000