000000000000223568997641
000000000000223568997641
000000000000223568997641
000000000000223568997641
100000000000223568997641
721000000000223568997641
093510000000223568997641
600522000000223568997641
960018100000223568997641
860000000000223568997641
790000000000223568997641
670000000000223568997641
000000000000223568997641
000000000000223568997642
000000000000223568998421
000000000000223568998410
000000000000223568990421
000000000000223568910321
000000000000223568900000
000000000000223568000000
000000000000223568900000
000000000000223568900010
000000000000223568999420
000000000000223568991320