000000000000045789875422
000000000000045789875422
000000000000045789875422
110000000000045789875422
321000000000045789875422
043210000000045789875422
005731100000045789875422
000714000000145789875422
000000000000145789875422
000000000000145789875422
000000000000145789875422
000000000000145789875422
000000000000145789875422
000000000000145789875424
000000000000145789876643
000000000000145789876632
000000000000145789801643
000000000001145789830003
000000000001145789810000
000000000001145789100000
000000000001145789000000
000000000001145789800000
000000000001145789870000
000000000001145789873542