110000000000000086542125
221111000000000986542125
332211110000000986542125
443322211000000986542125
654333021100000986542125
276500000000000986542125
100000000000008986542125
000000000000008986542125
000000000000008986542125
000000000000078986542125
000000000000078986542125
000000000000478986542125
000000000000478986542125
000000000001478986542127
000000000002478986543976
000000000013478986543965
000000000013478986534976
000000000014478986001000
000000000124478986500000
000000000124478986430000
000000000124478986321000
000000000124478986110000
000000000124478986100000
000000001134478980000000