332222221111100000021247
443333222211110000021247
554433332021110000321247
665544410002111000321247
876555000002111000321247
498710000002111000321247
311000000000111004321247
000000000000000004321247
000000000000000064321247
000000000000000764321247
000000000000009764321247
000000000000099764321247
000000000001699764321247
000000000013699764321249
000000000124699764321898
000000001135699764321887
000000011235600064356000
000000011236600011120000
000000112346000011000000
000000112346600000000000
000000122346690000000000
000000122346699000000000
000001122346699700000000
000001123356699762200000