665555554444430000000579
776666555544443000000579
887766665322443300000579
998877742221224330000579
099888322211114330000579
008943221111111333000579
000332211111101331000579
000001110000000331100579
000000000000000232104579
000000000000000221104579
000000000000002431024579
000000000000001431124579
000000000004976431124579
000000000006976431124577
000010000027976431123578
000010000122976431123589
000120001222933300011112
000120000229900000000111
000120000000000000000001
000233000000000000000000
000233000000000000000000
000233400000000000000000
000234400000000000000000
000234450000000000000000