000077776666651000000097
000008777766665100000097
000008887544665510000097
000009964443446551000097
000000544433336552100097
000000443333333555100097
000000033333313552100097
000000002222000552100097
000000000222200414300097
000000100012202442300097
000001000001114212200797
000010000000113212300797
000120000000854212306797
000100000000854212046795
001200000000854212345356
001200000000054212345367
001300000000001522233334
002300001100000111222333
002300001100000011122223
002400000000000001111222
002400000000000000111122
002400000000000000011112
002450000000000000001111
002450000000000000000011