000000778888896510000002
000000777788889651000002
000000667999889965000000
000000589998998996400000
000000999988888997610000
000000200888888999630000
000000000008868997640002
000000000007544997641002
000000000000733959841002
000000000000722297841002
000300000000621157731002
001000011000660057831052
004000021000310057831052
015000022000312057520051
026000000000312457310311
036000000000212454210312
046000000000136977788889
057000000000023466777888
157800000000012336677778
157900000000000111666777
157900000000000000066677
147910000000000000066667
047990000000000000036666
037994000000000000013566