000000000000048964200000
000100000000004896410000
001100000000004489530000
011000000000003448953000
012000001100000447864000
120000002110000444885300
120000003210000447895300
200000000000009447896400
200000000000008595696420
300000000000007757696430
300000000000076697786430
300000000000885597686430
400000000001365447686430
400000000003364337975430
500000000014367337865430
500000000024767229765320
500000000124688112764300
590000000123570018777600
690000000123400018877700
697000000113450066888007
697000000112345555588077
697500000012334444480887
597500000011233333388888
587540000001122232468988