000110000000000875300000
011200000000000087520000
112000000000000078640000
122000000011000037964000
120000000211000036775100
230000000221000033796400
230000000020000036796400
300000000000000036797510
300000000000000484597530
400000000000000846597540
400000000000007786697540
400000000000076686597540
500000000002476556597540
500000000014475446886540
600000000125478446976540
600000001135878339876430
600000001235797223655410
680000001234601127666500
780000001234001127766600
780000001224001177777100
786000001223006666677000
796000001123445555570000
696400001122344444490007
696430000112233343500877