333400000000000000000000
344500000000000000000000
445000000000000000000000
450000000000000000000000
450000000000000000000000
560000000000000210000000
500000000000002110000020
600000000000000110000040
600000000000000000000860
700000000000000000000870
700001111100000000000870
700011112221000000009870
800011122335700000079870
800111223347790000589870
900112233458798773799870
901112234468898666899760
901122300568974556328740
901122300117934454333220
951122300112234454433300
951122334112234499444400
953122334552339999944000
963122334456778888843000
963112334455677777770000
973112233445566676800000