666700000000000000003221
677001110000000000000221
778111111100000000000221
781111111110000000000021
781112211110000000000021
811222222111000000000002
812222222211000000000002
922223032221000000000002
922230003321000000000000
922330003332000000000000
923334004432000000000000
223341115554000000000000
233341115668000000000000
833441126679000012100000
733445226788000011100000
034445227798000011100000
034455223898000011000000
034455633449000000000000
024455633445000000000000
004455667445500000000000
001455667885600000000000
000455667789990000006000
000245667788999990942000
000045566778899999830000