000144444444333222117665
000445554444433322111665
007555555544133322211065
005555555221113322211065
035556655221110022211005
055666633221110022211006
056666633655440022111006
266667433665443322111000
666674447765443222111000
566774447776433221110000
567778448876432211110000
667785500008322111100000
677780000000011111000000
477880000000000000000000
377800000000000000000000
478800000000000000000000
278000000000000000000000
078000001100000000000000
038000011120000000000004
038000001120000000000003
005000001100000000000043
003000000000000000000033
000600000000000000000333
000000000000000000000322