000477777777666555449000
002700007777766655444900
004000000877466655544300
000000000054446655544390
000000000004443355544330
000000000004443355544339
000000000000773322444339
000000100000776222444332
000001110000776522444332
000001110000766551143332
000001110000765541143332
000000200000655441133322
000000000000344441133322
000000000000233300033222
000000000000123300032222
000000000000122200022221
000000000000112220222221
000000000000112222222211
000000000000111122222117
200000000000011111111116
200000000000011111111116
120000000000001111111166
120000000000000011110066
122000000000000000000655