111000000000000077667000
110000000000000077666800
100000000110000077766510
200000000111000077766580
000000002111000077766550
000000000111000077766558
000000000000000044666558
000000000000000044666554
000000000000000744666554
000000000000000773365554
000000000000007763365554
000000000000077663355544
000000000001566663355544
000000000012455522255444
000000000112345522254444
000000000122344422244443
000000001122334112444443
000000001122334111444433
000000001122300111444339
400000011122000313333330
400000011122000333333330
300000001112203333333380
340000001112222233332200
344000001111222222222000