003333333322222111000054
033333333330222111000004
033333333300022111000000
333444441100022111000000
344444411100022111000000
344444411130322111000000
444442221143322111000000
444452224443322111000000
445552225544322110000000
455555255554321100000000
455553366654311000000000
555533366666210000000000
555533367700000000000000
555663477000000000000000
556664440000000000000000
556664400000000000000000
556664400000000000000000
556667000000000000000000
556667000001100000000000
556677000001120000000000
856677000001110000000000
056677000001110000000000
086667000001100000000002
006667000000000000000022