014444444433333222111005
044444444441333222111005
144444444411130022111100
444555552211100022111100
455555522211100022111100
455555522241430022111100
555553332254433222111000
555563335554433222111000
556663336655433221111000
566666366665432211110000
566664477765422111110000
666644470007321111100000
666644000000011110000000
666770000000000000000000
667700000000000000000000
667700000000000000000000
667000000000000000000000
667000001100000000000000
667000001110000000000000
667000011110000000000000
760000001110000000000000
167000001100000000000000
077000000000000000000003
017000000000000000000003