100000000000000007666550
000000000111000007666552
000000000111000007666655
000000000111000007666655
000000000111000007666655
000000000210000004666655
000000000000000004466555
000000000000000044466555
000000000000000044666555
000000000000000763335555
000000000000007663335555
000000000000076663335554
000000000001566665355554
000000000012455552255544
000000000122445552225444
000000001122344452224444
000000001122344412244444
000000011122334111444444
000000011122333111444443
000000011122000111444333
000000011122000313333333
000000011122000333333333
000000011122203333333338
400000011112222333333320