000000000000000000000000
000011000000000000000000
011111110000000000000000
111111111000000000000000
111111111100000000000000
111111111110000000000000
111222221110000000000000
122222222111000000000000
222222222211000000000000
222200222221000000000000
222000033322000000220000
222000033333000001110000
223300344445000001111000
233331444456000001111000
233311144566000001110000
233311145566000000100000
333311145566700000000000
333341222566700000000000
333444222566770000000000
333444222333440000000000
333444222333444000000007
333444455333444700000077
333444455336647777777777
833444455556666777777762