222222222221111000000000
222233222222111000000000
233333300222111000000000
333333000022211000000000
333333000022211000000000
333331000332211000000000
333411103332211000000000
344411114333211000000000
444441144433210000000000
444422444443210000000000
444222255544200000000000
444222255555100000000000
445522566667000000000000
455553666670000000000000
455533366700000000000000
455533367700000000000000
555533367700000000000000
555563444000000120000000
555666444000001122000000
555666444000001111000000
555666444000001111000000
555666677000000110000000
555666677000000000000000
955666677700000000000000