666666666665255444333221
666677666332211144333221
677777744332211004333221
777777444332210000333221
777777444336210000333221
777775444776655000332221
777855547776655443332221
788855558777655443332211
888885588877654433322211
888860000887654433222211
888000000088644332222111
880000000000533322221110
800000000000122222211110
000000000000011111111100
000000000000000111110000
000000000000000000000000
000000000000000000000000
000000011000000000000000
000000112200000000000000
000000112200000000000000
000000122300000000000000
000000122000000000000000
000000000000000000000000
000000000000000000000000