888888888887477666555443
888899888554433366555443
899999966554433226555443
999999666554432211555443
999999666558432211055443
990000006998877210004443
000000000998877600004443
000000000099877660004433
000000000009876650044433
000000000009876655444433
000000000000866554444333
000000000000755544443332
000000000000344444433332
000000000000133333333322
000001100000022333332222
000011110000012222222221
000012220000001122222211
000012230000000111111111
000012330000000011111110
000002300000000000111000
000000000000000000000000
000000000000000000000000
000000000000000000000000
000000000000000000000000