999999999998588777666554
999999999665544477666554
999909977665544337666554
900000007665543322666554
000000000669543322166554
000000000099988321115554
000000000099988710005554
000000000009988770005544
000000000009987760000544
000000000000987760005544
000000000000977665555444
000000000000866655554443
000000000000455555544443
000011100000244444444433
000112200000133444443333
000122200000023333333332
000123300000012233333322
000023300000011222222222
000000000000001122222221
000000000000000111222111
000000000000000011111110
000000000000000000111100
000000000000000000000000
000000000000000000000000