999999999999699888777665
900000009776655588777665
000000000776655448777665
000000000076654433777665
000000000079654433277665
000000000009999432226665
000000000009999821116665
000000000000999881006655
000000000000998870000655
000000000000998870000655
000000000000988776000555
000000000000977766605554
000011000000566666655554
000122200000355555555544
000223300000244555554444
000233300000134444444443
000034000000123344444433
000000000000122333333333
000000000000012233333332
000000000000011222333222
000000000000001122222221
000000000000000111222211
000000000000000011111110
000000000000000000111000