000000000078888999999887
000000000008877799999887
000000000000877669999887
000000000000876655999887
000000000000876655499887
000000000000788654448887
000000000000088943338887
000000000000088993228877
000000000000089992111877
000000000000089992000877
000111000000799998000777
000222100000899988000776
000233200000788888000776
000344400000577777777766
000445000001466777776666
000000000001356666666665
000000000001345566666655
000000000001344555555555
000000000001234455555554
000000000000233444555444
000000000000123344444443
000000000000122333444433
000000000000012233333332
000000000000011222333222