000000000000966777888999
000000000000999977888999
000000000000999887888999
000000000000998877888999
000000000000998877688999
000000000000166876669999
000000000000166765559999
000000000000166775449999
000000000000167784333999
000021000000267784202999
000333000000577889000999
000444300000688899000998
000455400000999999000998
000566000000799999000988
000060000000688999998888
000000000003578888888887
000000000003567788888877
000000000003566777777777
000000000003456677777776
000000000000455666777666
000000000000345566666665
000000000000344555666655
000000000000234455555554
000000000000233444555444