000000000001633444555667
000000000001677744555667
000000000001677884555667
000000000001678899555667
000000000001678899955667
000000000001433899996667
000000000001433498886667
000000000001433448776677
000000000001434457666677
000350000001534457535677
001666000001244550001777
001777000001355500000778
001788000001766600000778
001890000001977770001788
000100000001988777778888
000000000001898888888889
000000000001899988888899
000000000001899999999999
000000000001789999999999
000000000001788999999999
000000000001678899999998
000000000001677888999988
000000000001567788888887
000000000001566777888777