000000000012522333444556
000000000012566633444556
000000000012566773444556
000000000012567788444556
000000000012567788944556
000000000012522789995556
000000000012522399995556
000000000012522339885566
000000000012523348777566
011000000012623348646566
112700000012133400012666
112800000012244000000667
112800000012650000000667
012900000012866600012677
001000000012977666667777
000000000012987777777778
000000000012998877777788
000000000012999888888888
000000000012899988888889
000000000012899999888999
000000000012789999999999
000000000012788999999999
000000000012678899999998
000000000012677888999888