000000012234311111222334
000000012234344411222334
000000012234344551222334
000000012234345566222334
000000012234345566722334
000000012234711567773334
000000012234711178883334
000000012234711118993344
000000012234711129999344
200000012234810029868344
330000012234200002234444
330000012234100000000445
330000012200400000000045
230000012234640000200455
200000012234755444445555
000000012234865555555556
000000012234876655555566
000000012234877666666666
000000012234987766666667
000000012234988777666777
000000012234998877777778
000000012234999888777788
000000012234899988888889
000000012234899999888999