000000367789366555444332
000000367789322255444332
000000367789322115444332
000000367789321111444332
000000367789321111244332
000000367789766112223332
000000367789766523333332
000000367789760153443322
000000367789000124555322
000000367789100014686322
000000367789320002789222
000000367789430013554221
000000367445440003433321
000000363333320000000231
000000360000000000000021
000000367719310000000011
000000367789321101110111
000000367789322111111111
000000367789432211111112
000000367789433222111222
000000367789543322222223
000000367789544333222233
000000367789654433333334
000000367789655444333444