000008854432855666777889
000008854432899966777889
000008854432899996777889
000008854432899988777889
000008854432899988777889
000008854432255987778889
000008854432255676668889
000008854432258966558899
000008854432865995444899
000008854432312795313899
000008854432810079432999
000008854432730098667999
000008854776731008788899
000008858888841006668989
000008858103321000226899
000008854490000000000898
000008854432670000000988
000008854432677808800888
000008854432567788888887
000008854432566777888777
000008854432456677777776
000008854432455666777766
000008854432345566666665
000008854432344555666555