000000312234311111222334
000000312234344411222334
000000312234344551222334
000000312234345566222334
000000312234345566722334
000000312234711567773334
000000312234711178883334
000000312234716518993344
000000312234689509999344
000000312234864200868344
100000312234364200234444
200000312234285300112445
200000312220286400233345
100000313331006300086435
000000316632116000078645
000000312255332100000056
000000312234875210000006
000000312234877630210006
000000312234987766662007
000000312234988777666777
000000312234998877777778
000000312234999888777788
000000312234899988888889
000000312234899999888999