000000000000000666522111
000000000000000311122111
000000000000000226111111
000000000000000213321111
000000000000000213322211
000000000000000221222213
000000000000000622222223
000000000000000253222222
000000010000000253332222
000000211000000333335432
000002211100000863333333
000002211100000444333333
000002211100000944344333
000000211100000554444433
000000010000000655444442
000000000000000765555444
000000000000000876665541
000000000000000196876551
000000000000000111118661
000000000000000111111111
000000000000000211111112
000000000000000222111122
000000000000000322222223
000000000000000333222333