000000000000000000633222
000000000000000000233222
000000000000000000222222
000000000000000000432222
000000000000000000433322
000000000000000000333324
000000000000000000333334
000000000000000000333333
000000000110000000443333
000000002111000000444543
000000022211000000444444
000000022211000000444444
000000002211000000455444
000000002211000000555544
000000000100000000555553
000000000000000000666555
000000000000000000776652
000000000000000000987662
000000000000000000229771
000000000000000000222111
000000000000000000111111
000000000000000000111111
000000000000000000111112
000000000000000000111222