000000000000000000000000
000000000000000000000000
000000000000000000000000
000000000000000000000000
000000000000000000000000
000000000000000000000000
000000000000000000000000
000000000012310000000000
000000000054442000000000
000000000055444000000000
000000000055444000000000
000000000055444000000000
000000000055440100000000
000000000015400100000000
000011111111011100000000
111111111111111000000000
111111111111111000000000
111111111111110000000000
111111111110000000000000
111111111100000000000000
111111111110000000000000
111111111110000000000000
111111111110000000000000
111111111110000000000000