100000000000000000000000
000000000000000000000000
000000000000000000000000
000000000000000000000000
000000000000000000000000
000000000000000000000000
000000000000000000000000
000000000000000000000000
000000000000000000000000
000000000000000000000000
000000000000666000000000
000000000000666000000000
100000000007662300000000
200000000007622100000000
222233333333233100000000
333333333333311100000000
333333333311111000000000
333333333311110000000000
333333333310000000000000
333333333320000000000000
333333333330000000000000
333333333330000000000000
333333333330000000000000
333333333331000000000000