000033210000000000000000
000433320000000000000000
000333321000000000000000
000333222100000000000000
000332221100000000000000
004332221100000000000000
004332211100000000000000
004332211000000000000000
003232211000000000000000
003332210000000000000000
003332210000000000000000
000332210000000000000000
000032210000000010000000
000032221000000021000000
000033221100000542000000
000077722222225542000000
000077777755555440000000
000077777755554400000000
000077777754444100000000
000077777764332100000000
000077777774332100000000
000077777774332100000000
000077777774332100000000
000077777775332000000000