000000000000000000000000
000000000000000000000000
000000000000000000000000
000000044300000000000000
000000443320000000000000
000000443320000000000000
000000433321000000000000
000000433221000000000000
000004433210000000000000
000004432210000000000000
000004432100000000000000
000004432100000000000000
000000432100000002000000
000000043210000043000000
000000043321000064000000
000000044444447764000000
000000099977777610000000
000000099977776610000000
000000099976666310000000
000000099986554310000000
000000099996554310000000
000000099996554300000000
000000999990554300000000
000000999910554000000000