000000000000000000000000
000000000000000000000000
000000000000000000000000
000000000000000000000000
000000000980000000000000
000000009983000000000000
000000009987000000000000
000000009887200000000000
000000099876200000000000
000000098873000000000000
000000098761000000000000
000000098750000000000000
000000008740000000000000
000000009870000290000000
000000009987000270000000
000000009999006670000000
000000000466666700000000
000000004466667700000000
000000004463777900000000
000000004453889970000000
000000004443889970000000
000000004443889960000000
000000004441189950000000
000000004472089500000000