000000000000000000000000
000000000000000000000000
000000000000000000000000
000000000111010000000000
000000001362221000000000
000000002568540000000000
000000005567530000000000
000000005667720000000000
000000005678720000000000
000000006678400000000000
000000006786310000000000
000000006795010000000000
000000000795200000000000
000000000675303700000000
000000000567413700000000
000000000444431100000000
000000000211111000000000
000000000211112000000000
000000000218222000000000
000000000218334000000000
000000000228334500000000
000000000228334500000000
000000000226634500000000
000000000277434900000000