000001112211111111000000
000000112222222210000000
000001122222222210000000
000001122333232210000000
000000123544443110000000
000000124349762100000000
000000123345752000000000
000000113445942000000000
000000123456941000000000
000000124459621000000000
000000114568531000000000
000000114577231000000000
000000011587421000000000
000000011457521001100000
000000111345635921110000
000000111222652321110000
000000111422222221110000
000000111422221211110000
000000011429111211110000
000000111439112211110000
000000111449112311100000
000000111449112300000000
000001111448812310000000
000000111459612710000000