666667778877777777655555
666666778888888876655555
666667788888888876665555
666667788999898876665555
666666789839999776665555
666666789433678766665555
666666784432688666665555
666666774332498666665555
666666784321497666665555
666666783323787666665555
666666773215897666665555
666666773216897666665555
666666677226987666665555
666666677326887667765555
666666777432798487775555
666666777555788987776555
666666777988888887776666
666666777988887877776666
666666677983777877776666
666666777993665877776666
666666777993665477766666
666666777993665466666666
666667777995565476666666
666666777924765176666666