777776665566666666788888
777777665555555567788888
777776655555555567778888
777776655444545567778888
777777654293334667778888
777777653994115677778888
777777659998125777778888
777777669998335777778888
777777659987336777778888
777777659984156777778888
777777669872246777778888
777777669861546777778888
777777766851356777778888
777777766981256776678888
777777666998142356668888
777777666888125456667888
777777666355555556667777
777777666355556566667777
777777766354666566667777
777777666344778566667777
777777666334778966677777
777777666334778977777777
777776666332278967777777
777777666383178667777777