666665554455555555677777
666666554444444456677777
666665544444444456667777
666665544333434456667777
666666543192223556667777
666666542895214566667777
666666548899214666667777
666666558999424666667777
666666548998425666667777
666666549995145666667777
666666559983135666667777
666666559972435666667777
666666655962245666667777
666666655992145665567777
666666555899131445557777
666666555777114345556777
666666555244444445556666
666666555244445455556666
666666655245555455556666
666666555235667455556666
666666555225667855566666
666666555225667866666666
666665555223367856666666
666666555294167756666666