333332221122222222344444
333333221111111123344444
333332211111111123334444
333332211111111123334444
333333211362221223334444
333333212568541233334444
333333215567531333334444
333333225667721333334444
333333215678722333334444
333333216678412333334444
333333226786312333334444
333333226795112333334444
333333322795212333334444
333333322675312332234444
333333222567413712224444
333333222444431112223444
333333222211111112223333
333333222211112122223333
333333322218222122223333
333333222218334122223333
333333222228334522233333
333333222228334533333333
333332222226634523333333
333333222277434923333333