111112223322222222111111
111111223333333321111111
111112233333333321111111
111112233444343321111111
111111234635554221111111
111111235238873211111111
111111232234863111111111
111111222334953111111111
111111232345952111111111
111111233348732111111111
111111223459642111111111
111111223468342111111111
111111122478532111111111
111111122348632112211111
111111222234746932221111
111111222111763432221111
111111222533333332221111
111111222533332322221111
111111122538222322221111
111111222548111322221111
111111222558111222211111
111111222558111211111111
111112222559911221111111
111111222549711621111111