444445556655555555433333
444444556666666654433333
444445566666666654443333
444445566777676654443333
444444567918887554443333
444444568215896544443333
444444562211896444443333
444444552111686444443333
444444562112685444443333
444444561115965444443333
444444551127975444443333
444444551138675444443333
444444455148865444443333
444444455118965445543333
444444555211979665553333
444444555333996765554333
444444555866666665554444
444444555866665655554444
444444455865555655554444
444444555875443655554444
444444555885443255544444
444444555885443244444444
444445555887743254444444
444444555816943354444444