888889999999999999877777
888888999999999998877777
888889999999999998887777
888889999888989998887777
888888998657778998887777
888888997651459988887777
888888996654469888887777
888888996554279888887777
888888996543279888887777
888888995541599888887777
888888995433689888887777
888888995424989888887777
888888899414799888887777
888888899544699889987777
888888999654586299997777
888888999777569899998777
888888999799999999998888
888888999799999999998888
888888899791999999998888
888888999781887999998888
888888999771887699988888
888888999771887688888888
888889999773387698888888
888888999742587298888888